2940
0 0 1.968736
1 2665 5.411266
2 2928 1.609191
3 2898 4.028329
4 2884 2.368145
5 1972 4.090088
6 2885 1.209600
7 1591 3.239989
8 435 3.066608
9 1869 5.789035
10 3 2.147146
11 190 4.302891
12 1044 6.595667
13 1683 5.240827
14 1973 5.213801
15 738 7.653266
16 2871 5.980998
17 15 4.661598
18 610 7.974240
19 229 5.924468
20 833 5.405063
21 2878 4.790282
22 2928 4.749045
23 208 2.908475
24 1531 8.126609
25 2702 8.226420
26 14 4.023644
27 10 2.218382
28 1281 6.376218
29 469 3.873290
30 770 4.332580
31 2286 7.732746
32 2848 5.968106
33 140 4.392639
34 13 4.213945
35 333 4.607329
36 1642 4.978469
37 2851 6.557963
38 2809 6.945562
39 1830 3.283154
40 959 5.518616
41 2867 3.041358
42 2817 3.942007
43 2286 6.844419
44 507 7.735320
45 147 7.269217
46 275 7.005591
47 1463 8.323718
48 2748 7.709339
49 10 6.504591
50 2893 3.530013
51 2851 4.403785
52 1910 6.500545
53 568 7.518351
54 83 6.795888
55 435 6.791695
56 24 2.968654
57 1642 3.734946
58 833 4.215418
59 2408 5.560890
60 2857 3.577146
61 2357 5.568494
62 1276 6.747225
63 1074 6.681745
64 735 7.511336
65 45 5.375849
66 29 3.781343
67 557 4.151024
68 2703 6.396104
69 539 7.234548
70 286 6.630571
71 399 7.983293
72 549 6.765160
73 27 1.565664
74 2910 3.150314
75 259 5.799995
76 743 8.209343
77 391 8.036209
78 313 7.637530
79 1641 4.751162
80 1724 5.365379
81 2881 1.570981
82 2911 3.983243
83 2174 5.408945
84 2873 6.064542
85 45 5.538134
86 241 6.205884
87 578 6.231661
88 1096 3.050871
89 437 6.099875
90 1325 3.024436
91 2864 4.610113
92 1171 5.187819
93 770 5.588915
94 637 7.229583
95 1096 5.484500
96 58 4.260347
97 300 3.105668
98 557 4.097302
99 973 5.690449
100 29 3.740699
101 2831 7.179637
102 251 7.671199
103 38 5.630630
104 1604 4.626021
105 1339 4.574759
106 1339 5.209422
107 2195 6.848391
108 122 8.473365
109 1341 7.741738
110 664 7.215939
111 213 7.680877
112 2868 6.248105
113 52 6.642616
114 253 4.208576
115 811 3.857408
116 2864 5.387144
117 2188 6.429087
118 1125 6.459444
119 131 6.399972
120 1273 7.966572
121 206 6.222360
122 290 6.723494
123 2894 5.380293
124 2903 5.320758
125 729 4.780547
126 58 2.525811
127 1445 5.520230
128 435 7.312118
129 2653 7.519064
130 12 6.376238
131 51 5.170723
132 995 6.775926
133 2850 5.613142
134 2148 7.652549
135 995 6.222806
136 2781 4.494679
137 1160 6.361523
138 2926 6.856339
139 38 6.540838
140 343 4.339864
141 2878 4.860597
142 2462 5.700859
143 1194 6.069831
144 2850 5.151889
145 2124 5.449251
146 45 5.389762
147 1144 5.466860
148 1729 8.192433
149 2511 6.887230
150 34 6.198071
151 52 5.340870
152 379 5.050709
153 57 1.396612
154 1604 4.194784
155 746 7.547202
156 662 5.513469
157 59 5.482974
158 2898 2.925708
159 613 4.170011
160 430 6.180333
161 884 7.320149
162 627 7.568941
163 1673 6.042982
164 61 2.285158
165 2471 4.909069
166 2463 7.574972
167 938 6.983616
168 859 5.766112
169 1789 6.455575
170 2437 6.676595
171 430 5.045601
172 2106 6.644472
173 499 6.887671
174 415 7.224661
175 64 2.526929
176 2338 4.729790
177 2830 4.317740
178 2105 4.103915
179 188 5.734555
180 2901 5.867081
181 2560 7.130291
182 64 7.177589
183 67 3.060888
184 257 4.218128
185 2158 5.864882
186 943 4.725387
187 1123 7.874541
188 2540 7.711531
189 1468 6.296496
190 2738 4.791290
191 2626 5.004336
192 66 4.294578
193 1435 6.186818
194 2915 2.650902
195 474 5.350086
196 1315 7.176497
197 10 5.542434
198 2412 6.588925
199 858 5.198517
200 706 6.825737
201 2413 6.935036
202 1310 7.411275
203 542 7.771634
204 72 6.127598
205 304 4.569061
206 1096 4.990475
207 2161 5.706409
208 60 7.171223
209 70 7.434969
210 1479 4.627631
211 78 3.080075
212 2402 6.034970
213 2357 4.784113
214 2903 4.789183
215 2854 5.864953
216 2120 6.473039
217 2161 5.709752
218 2848 8.191278
219 2859 7.215408
220 77 6.416140
221 2195 5.383911
222 82 4.204301
223 965 5.745383
224 2931 3.095456
225 62 5.140675
226 794 8.270892
227 1037 6.691871
228 860 4.684160
229 2120 5.480528
230 943 4.618803
231 2833 8.143237
232 784 8.221708
233 1921 6.965313
234 469 4.641888
235 1435 6.790024
236 257 7.107222
237 419 8.124158
238 2695 5.884357
239 88 6.206897
240 160 5.239451
241 2880 4.795105
242 2864 4.846244
243 190 6.250667
244 437 5.576159
245 787 7.949984
246 932 8.111977
247 1281 5.654630
248 92 4.486541
249 106 4.685115
250 1277 2.783703
251 2806 5.046788
252 2845 5.887274
253 90 4.746200
254 91 4.091777
255 2884 5.473379
256 858 5.243969
257 888 7.611285
258 1773 8.601309
259 1682 7.112282
260 2706 5.514418
261 922 5.565701
262 922 5.794368
263 2816 5.992906
264 2120 6.456645
265 2864 5.221176
266 1279 5.921881
267 536 7.838486
268 2839 6.409213
269 2360 6.810345
270 2910 3.845746
271 97 1.222672
272 2561 5.738268
273 103 6.722130
274 485 5.596553
275 572 4.777328
276 485 4.428353
277 32 6.065574
278 2462 5.345851
279 2830 5.899549
280 786 7.784250
281 95 3.224524
282 2571 6.533002
283 146 6.816664
284 82 7.431175
285 773 5.414327
286 2916 4.409387
287 2022 8.490260
288 161 6.135802
289 2123 4.385284
290 415 5.290008
291 2639 6.954153
292 248 6.446719
293 137 5.576986
294 1602 6.187225
295 1724 7.665120
296 2231 4.308417
297 1568 4.597018
298 93 6.313290
299 630 6.485085
300 602 4.152577
301 22 3.869818
302 2367 8.385293
303 2357 6.834118
304 273 7.206390
305 2626 5.325463
306 88 7.164575
307 1020 2.641137
308 1920 5.462703
309 788 5.786040
310 2845 6.069289
311 867 7.744638
312 175 5.901484
313 121 1.590528
314 694 4.750908
315 2844 6.041740
316 2826 5.251821
317 1920 6.647371
318 2218 6.232902
319 18 5.591809
320 812 7.987823
321 2746 5.778458
322 526 6.685617
323 1268 6.665301
324 433 5.778445
325 2746 5.956223
326 927 4.140327
327 2218 7.162691
328 1609 6.219847
329 343 4.454907
330 2119 5.488129
331 260 4.985181
332 1201 7.582634
333 252 7.580777
334 2436 7.654101
335 2512 5.931235
336 1911 5.017292
337 1819 7.322325
338 2265 7.097945
339 521 5.022111
340 140 4.167056
341 1889 6.809714
342 1159 7.998124
343 430 6.890763
344 2777 5.403115
345 135 3.606993
346 2052 7.247562
347 130 5.655950
348 133 6.522570
349 139 1.340068
350 1153 5.831995
351 630 8.166990
352 1446 8.023757
353 2735 6.617610
354 2777 6.594505
355 2867 4.255281
356 1343 4.482017
357 1115 7.585355
358 771 5.400936
359 729 5.600444
360 1052 7.404188
361 494 7.674706
362 274 2.240774
363 2927 2.809380
364 2851 5.321430
365 2898 4.817395
366 2874 6.889114
367 2845 7.394499
368 316 7.525314
369 1360 6.802086
370 29 6.118218
371 913 4.987139
372 2275 4.550402
373 2532 8.336756
374 106 6.222613
375 192 7.145716
376 1280 7.546787
377 147 3.224613
378 2571 5.742642
379 2424 5.340680
380 2496 5.598362
381 150 2.252993
382 638 5.161408
383 199 7.993601
384 2774 6.120943
385 437 6.125983
386 2850 5.315851
387 2455 7.097057
388 2013 7.502643
389 1916 6.913464
390 156 3.060627
391 161 4.297924
392 2841 5.217455
393 2847 4.509854
394 2808 5.681516
395 2916 5.235913
396 2865 5.660888
397 2844 6.027134
398 160 1.294885
399 441 7.042439
400 118 7.156459
401 2081 7.270200
402 2812 7.002201
403 162 6.768891
404 159 5.132911
405 2080 6.078571
406 2916 3.042401
407 2265 6.277380
408 2019 7.040882
409 2463 6.568578
410 2117 5.854935
411 1475 6.032345
412 2438 7.242017
413 878 7.151714
414 898 6.444382
415 898 7.156319
416 1020 5.838022
417 2311 6.991084
418 228 6.739644
419 1360 6.377865
420 10 4.737640
421 32 7.485319
422 2878 7.189260
423 2292 6.819313
424 827 6.750211
425 52 6.127472
426 2492 6.926315
427 1728 6.945103
428 200 6.182743
429 2226 6.601393
430 178 5.399593
431 257 6.469407
432 1434 7.229394
433 430 6.462699
434 180 5.966113
435 175 5.473669
436 178 5.379385
437 106 6.923009
438 549 7.674599
439 501 7.361700
440 333 6.941854
441 1943 5.437526
442 2755 5.954206
443 10 6.822132
444 1818 7.069512
445 189 1.800375
446 57 4.748102
447 437 4.967725
448 2924 2.844524
449 2875 3.342651
450 812 6.218617
451 1946 8.794432
452 1760 8.779287
453 67 6.567447
454 1720 6.086625
455 715 6.634090
456 1667 6.926938
457 188 4.945692
458 194 4.642601
459 2273 6.813673
460 197 6.109363
461 203 6.478012
462 260 5.821008
463 1910 7.325543
464 896 8.268520
465 407 6.928478
466 2561 5.999063
467 2777 5.451173
468 2690 6.321073
469 2837 6.768391
470 1479 6.086290
471 1282 7.158624
472 2525 7.147659
473 205 4.401313
474 15 4.758808
475 212 4.368700
476 1614 7.921027
477 430 5.175891
478 1861 7.416314
479 2492 5.593370
480 1325 6.589220
481 343 5.937837
482 0 6.089443
483 1343 6.584388
484 933 6.040299
485 285 4.275666
486 627 6.625712
487 913 7.715945
488 39 6.585702
489 812 6.346740
490 229 5.650158
491 1231 6.411504
492 209 3.305869
493 635 8.014629
494 2073 6.523588
495 1690 7.778631
496 339 6.692739
497 2921 6.362488
498 473 7.366750
499 92 6.392550
500 2846 3.708367
501 217 4.842770
502 648 7.574792
503 2865 5.970739
504 854 7.759877
505 686 7.375211
506 2038 7.287998
507 1304 7.689242
508 2241 8.307622
509 469 5.277117
510 2747 5.068490
511 2812 5.673016
512 1155 7.072303
513 217 5.234250
514 236 3.894516
515 2690 6.851871
516 330 6.983946
517 742 6.999811
518 46 6.734323
519 542 6.779937
520 15 4.819290
521 467 7.445222
522 22 4.842907
523 2065 7.202097
524 379 6.012436
525 1121 8.055774
526 376 7.561195
527 430 6.549804
528 234 3.914786
529 99 7.026191
530 339 5.729699
531 2808 5.329702
532 2868 4.248004
533 173 8.158772
534 751 7.622304
535 1642 4.894576
536 927 4.818562
537 2788 7.925803
538 992 7.063927
539 638 6.849337
540 2891 6.810539
541 2225 7.432703
542 1872 8.059505
543 1774 7.994304
544 1910 6.605499
545 2877 4.217441
546 28 5.432936
547 922 6.858567
548 722 6.841744
549 106 7.201274
550 2527 6.598518
551 1972 8.085911
552 245 1.988026
553 627 7.774384
554 2917 5.084192
555 1268 7.135617
556 585 6.579478
557 1186 7.453859
558 786 6.614710
559 2790 6.800088
560 165 5.646471
561 1642 5.557539
562 18 3.715807
563 1045 6.394496
564 186 5.391560
565 719 7.710032
566 1155 6.918003
567 2218 5.499503
568 612 6.596256
569 2511 6.760324
570 487 5.049041
571 2864 5.272146
572 15 5.822649
573 2898 4.646657
574 913 6.872037
575 2877 3.895975
576 485 5.076096
577 770 4.559425
578 259 6.780428
579 281 1.682595
580 384 6.424142
581 904 8.030186
582 2527 7.229588
583 1642 4.762561
584 2875 5.749750
585 2885 5.805788
586 1446 7.533520
587 1739 8.085668
588 1144 7.321350
589 2925 2.064078
590 2516 6.797077
591 28 5.913983
592 530 6.021725
593 101 5.609726
594 276 0.704909
595 277 4.364040
596 2264 6.415068
597 295 5.152512
598 2880 2.878924
599 285 5.789493
600 2113 6.596745
601 2412 6.129908
602 1462 7.701654
603 2833 7.858024
604 127 6.202404
605 1422 7.849150
606 281 7.624591
607 2816 5.626035
608 1212 7.130269
609 500 8.015865
610 1619 6.326285
611 1664 4.855952
612 753 6.523337
613 18 5.769925
614 58 4.941634
615 2909 4.307319
616 286 5.179223
617 2001 7.457660
618 2158 6.748930
619 310 7.504854
620 2877 3.657025
621 1072 7.985519
622 1500 5.911158
623 2471 5.134793
624 151 5.932782
625 140 4.371839
626 83 7.389062
627 2835 4.643312
628 2847 6.791724
629 1014 6.562227
630 2164 7.243204
631 101 6.083597
632 534 6.835261
633 299 4.117530
634 2781 6.965145
635 93 6.607938
636 2302 6.874761
637 2712 5.183847
638 2903 5.188731
639 308 6.576617
640 2105 5.446895
641 1425 5.451934
642 335 1.781113
643 2896 5.270637
644 88 6.809781
645 384 6.098867
646 318 4.791306
647 2629 7.533891
648 1296 6.626000
649 2917 5.074252
650 1462 6.718918
651 2777 6.271046
652 325 5.262251
653 308 5.533091
654 2830 7.157199
655 2273 6.703831
656 2612 7.097925
657 2840 5.480494
658 304 6.896378
659 1794 7.756055
660 1831 6.920921
661 2820 6.172869
662 474 6.218359
663 300 4.731498
664 334 1.319103
665 1383 4.614373
666 2491 6.963743
667 2912 4.542751
668 769 6.319720
669 2324 5.834460
670 2359 5.711421
671 2857 5.080107
672 235 5.314675
673 2916 4.781927
674 340 1.805171
675 662 6.562707
676 341 5.339364
677 351 2.578066
678 2922 4.313788
679 29 4.459086
680 518 7.305164
681 1802 8.031313
682 2924 3.064510
683 2771 6.321569
684 2513 7.538639
685 753 7.139934
686 2470 5.978824
687 2462 4.866998
688 662 6.458103
689 362 1.276223
690 2827 7.725737
691 1931 7.629580
692 795 7.684142
693 54 7.649050
694 361 5.962207
695 370 1.350201
696 1795 5.208513
697 1277 3.380774
698 430 5.252766
699 2878 3.027060
700 2870 3.708364
701 2835 5.037730
702 2831 7.080284
703 305 7.604054
704 375 7.629624
705 463 5.980108
706 367 4.569340
707 378 0.395808
708 330 6.012452
709 466 6.720511
710 430 5.777687
711 38 5.491469
712 966 5.208496
713 1037 5.114158
714 15 4.397598
715 377 4.877824
716 181 7.046085
717 2436 8.068596
718 1153 7.205761
719 247 7.080114
720 1563 6.971309
721 825 7.770432
722 2367 7.884059
723 2005 7.523581
724 343 4.717297
725 2353 6.182776
726 2119 6.682791
727 208 5.980030
728 386 1.388412
729 318 6.109089
730 398 0.597228
731 399 4.394860
732 400 2.650203
733 1339 4.721678
734 421 5.219698
735 2248 7.399224
736 70 6.837655
737 594 5.218803
738 25 4.115584
739 1611 5.702277
740 1366 7.358817
741 395 5.723227
742 411 6.578254
743 412 4.859181
744 414 5.953426
745 376 8.108235
746 2815 6.709853
747 1382 7.321547
748 1096 7.435208
749 411 4.383997
750 2120 3.760170
751 1413 7.456926
752 332 2.202983
753 2625 3.715269
754 2851 7.031480
755 420 1.368636
756 34 5.372087
757 685 6.116020
758 537 7.287211
759 2327 4.764020
760 9 6.378169
761 2386 6.132503
762 1844 5.642624
763 788 4.976089
764 257 3.440958
765 427 4.814674
766 411 5.341782
767 2929 3.152276
768 2227 8.288569
769 159 6.979005
770 2755 7.046918
771 2870 6.375738
772 1642 4.162763
773 140 4.372992
774 113 7.363384
775 443 5.735309
776 444 0.706974
777 455 6.532205
778 1396 8.015622
779 165 7.594276
780 2771 7.823071
781 1678 8.204557
782 2356 5.847082
783 373 5.506006
784 81 4.702822
785 50 7.663640
786 462 3.955403
787 2195 3.696316
788 2901 3.036804
789 2851 4.750168
790 812 5.669974
791 70 7.092592
792 2338 4.332613
793 186 6.389800
794 453 7.082201
795 324 6.410794
796 460 4.402324
797 1592 3.051492
798 2788 6.777326
799 2816 4.447321
800 1720 7.056496
801 1573 5.849373
802 1325 5.044645
803 2880 5.527423
804 2911 4.366990
805 414 7.036766
806 474 3.466575
807 2045 7.472929
808 2195 3.790986
809 117 5.894899
810 2889 5.615308
811 2120 4.280859
812 466 6.114657
813 267 5.214398
814 409 4.782435
815 473 2.889704
816 18 3.472694
817 2285 5.442972
818 2118 7.540309
819 947 7.022595
820 2931 4.178304
821 455 6.832340
822 2427 7.843060
823 401 7.644495
824 538 6.972468
825 169 7.313322
826 1284 7.810772
827 38 4.968722
828 413 6.855162
829 435 7.291772
830 45 6.020995
831 495 5.751634
832 1125 7.023515
833 2347 7.926699
834 2807 5.233388
835 769 5.244602
836 1158 8.746140
837 343 4.412431
838 379 4.856277
839 2239 7.894923
840 511 6.696473
841 82 7.264773
842 2452 6.310410
843 6 6.030121
844 499 5.606388
845 468 5.029168
846 435 6.049836
847 521 3.203414
848 523 6.993606
849 524 3.867925
850 2559 7.306262
851 2667 7.578976
852 2702 5.374311
853 1741 8.456063
854 1192 7.966065
855 1046 7.446783
856 8 5.951363
857 2857 7.983081
858 2516 7.006679
859 373 5.724169
860 2505 6.498094
861 1927 7.298483
862 1930 3.908200
863 2851 5.283142
864 235 8.197402
865 127 7.728291
866 2614 7.406676
867 2533 6.627860
868 373 6.086603
869 995 5.921357
870 812 4.775924
871 363 3.916860
872 469 4.225841
873 2857 5.236956
874 2898 3.181006
875 27 6.942210
876 1202 8.554235
877 343 5.793320
878 58 7.099677
879 363 5.395673
880 1423 6.307033
881 529 4.219793
882 540 2.946939
883 541 1.185283
884 542 3.918114
885 2024 8.129125
886 1522 6.574308
887 2372 4.994554
888 285 5.973679
889 731 6.489719
890 551 5.209812
891 558 0.639448
892 559 4.528922
893 560 4.208771
894 2883 1.150282
895 1886 6.994331
896 2879 7.689515
897 945 6.171162
898 67 4.707513
899 285 6.457861
900 557 2.874036
901 2073 4.032978
902 573 1.386792
903 574 6.585847
904 1586 7.229949
905 2209 6.796043
906 2375 7.395923
907 2324 6.509265
908 430 3.735157
909 570 3.005274
910 571 6.626622
911 1096 3.384829
912 368 7.363605
913 431 6.404720
914 1715 6.955166
915 1010 7.299773
916 1271 7.873231
917 2841 7.787193
918 788 5.045493
919 578 2.315507
920 579 2.589826
921 580 2.582671
922 581 1.657302
923 582 7.760610
924 2105 5.499253
925 595 3.966691
926 2360 4.349267
927 1906 7.636398
928 127 7.389844
929 415 5.891648
930 1320 5.796924
931 67 6.147631
932 1805 6.418843
933 605 3.383578
934 606 1.117418
935 1392 7.864386
936 251 7.763418
937 754 6.930619
938 2445 6.362040
939 17 5.343775
940 2641 4.137368
941 2817 5.622523
942 1276 7.792011
943 6 4.950884
944 788 4.882609
945 2903 4.269034
946 390 8.071873
947 641 5.684376
948 78 5.090994
949 1566 8.768000
950 1914 8.820738
951 1611 7.597872
952 2348 7.750145
953 2608 5.284182
954 343 4.490864
955 69 5.498605
956 614 2.480002
957 862 6.524352
958 591 4.398004
959 1276 5.192923
960 642 7.681181
961 643 1.755055
962 2862 3.842318
963 1906 8.822083
964 1978 8.243715
965 2851 3.919493
966 639 5.614904
967 1767 6.718979
968 1318 8.606703
969 30 6.386295
970 1920 6.367849
971 636 3.559393
972 654 5.663851
973 686 6.704601
974 769 6.798148
975 667 3.648016
976 2919 1.812470
977 2374 8.594408
978 2303 8.998819
979 1851 7.653659
980 1715 7.568896
981 812 5.488275
982 653 1.964386
983 1858 6.481040
984 2357 7.124211
985 1786 7.190942
986 77 7.834362
987 2260 5.454883
988 677 3.514752
989 678 8.394131
990 294 8.422449
991 88 6.745797
992 2424 7.129062
993 1262 8.012883
994 258 6.176124
995 2430 5.790183
996 619 7.275214
997 330 7.026569
998 2043 7.729751
999 2178 7.413458
1000 2288 6.889189
1001 1320 6.286798
1002 625 6.478139
1003 686 0.641029
1004 687 0.769057
1005 688 5.152879
1006 689 5.357029
1007 520 7.943800
1008 2854 5.246465
1009 257 5.664690
1010 1947 7.429010
1011 25 7.062423
1012 74 7.602917
1013 2280 7.583904
1014 2913 3.764390
1015 1795 4.507964
1016 696 4.553713
1017 697 1.792856
1018 173 7.591214
1019 484 5.447314
1020 208 2.114355
1021 1876 8.791327
1022 1029 8.338880
1023 1527 8.282163
1024 2602 7.163045
1025 2360 4.780949
1026 1634 7.459343
1027 510 7.493097
1028 435 6.563993
1029 720 4.408789
1030 2247 8.462946
1031 200 8.548755
1032 262 8.253034
1033 6 7.323381
1034 938 7.418625
1035 1894 7.888492
1036 2542 7.902662
1037 597 7.873398
1038 106 5.588312
1039 826 6.672558
1040 716 5.014116
1041 484 7.136313
1042 428 7.947383
1043 2298 8.463387
1044 737 4.990204
1045 732 8.358412
1046 2694 7.465101
1047 1010 7.152085
1048 2565 9.032276
1049 2308 8.196229
1050 220 8.308254
1051 1508 7.615034
1052 332 5.002897
1053 333 6.442978
1054 786 5.635792
1055 731 2.859705
1056 761 6.906540
1057 733 0.851896
1058 748 1.915942
1059 1943 6.684181
1060 1207 7.236303
1061 2208 6.442281
1062 859 6.851614
1063 339 5.854212
1064 579 7.280942
1065 746 1.230992
1066 373 7.035561
1067 2831 6.989509
1068 747 5.681562
1069 754 3.907127
1070 409 4.829550
1071 600 6.453049
1072 1910 7.216192
1073 1920 5.247327
1074 1804 6.214755
1075 1724 5.945249
1076 766 1.442312
1077 1026 8.405879
1078 1758 7.455066
1079 760 5.151228
1080 2684 6.608457
1081 763 4.672211
1082 2678 7.598866
1083 342 7.679305
1084 2061 6.394255
1085 484 7.876421
1086 440 7.888210
1087 1807 7.587962
1088 1667 7.771765
1089 2531 8.391884
1090 1576 7.444038
1091 2158 8.386597
1092 1546 7.179863
1093 1568 4.834927
1094 938 4.387946
1095 1994 6.590764
1096 2866 7.684809
1097 1468 8.051785
1098 1910 7.557227
1099 792 4.639844
1100 793 2.193461
1101 2647 8.222422
1102 2732 8.530730
1103 785 1.307018
1104 39 5.932294
1105 1626 8.350723
1106 1852 8.372337
1107 28 7.939457
1108 1947 7.868556
1109 602 5.615091
1110 1657 6.399590
1111 803 5.401784
1112 788 1.627479
1113 806 5.989461
1114 2370 7.396484
1115 217 7.011663
1116 528 6.140735
1117 98 6.335662
1118 2161 3.807274
1119 1758 7.916131
1120 980 7.760246
1121 1902 8.415033
1122 1193 7.958301
1123 1817 8.502031
1124 1237 8.335442
1125 1933 8.153252
1126 812 1.793813
1127 165 7.819037
1128 292 8.232438
1129 2359 4.185313
1130 1076 7.331578
1131 202 7.883488
1132 795 7.572078
1133 2469 6.478954
1134 2742 6.479702
1135 2754 6.077223
1136 170 7.547461
1137 349 8.045057
1138 842 7.220757
1139 2821 4.586984
1140 1640 7.824016
1141 1592 4.330537
1142 835 4.178430
1143 836 5.446189
1144 1010 7.069391
1145 2071 8.115133
1146 637 7.641254
1147 1681 8.320205
1148 1715 8.539120
1149 555 7.689752
1150 1728 8.271763
1151 805 6.307060
1152 1818 7.402498
1153 852 2.805153
1154 490 7.220848
1155 82 6.204593
1156 2095 8.164590
1157 2059 8.191577
1158 517 7.914407
1159 2609 8.602283
1160 1910 6.178926
1161 1314 7.253727
1162 2525 5.631677
1163 860 2.159103
1164 2293 5.157401
1165 914 7.999383
1166 550 8.197439
1167 217 8.447461
1168 877 7.731911
1169 2776 5.162985
1170 2860 3.785532
1171 2227 7.915762
1172 2111 7.879238
1173 2091 6.705389
1174 23 7.316938
1175 1954 7.507732
1176 1687 8.299785
1177 1867 8.272515
1178 1825 6.621751
1179 1664 4.237556
1180 2120 4.247906
1181 145 7.301682
1182 2311 7.601512
1183 2899 8.461782
1184 875 5.967401
1185 876 3.116059
1186 885 7.212346
1187 887 5.587834
1188 1880 7.158675
1189 2103 7.382348
1190 1553 7.493551
1191 2543 7.709840
1192 1728 6.071560
1193 884 5.831530
1194 206 7.781226
1195 334 7.936866
1196 898 2.481869
1197 2846 4.145259
1198 1650 7.739260
1199 1890 7.297589
1200 2144 8.683715
1201 1751 8.029435
1202 2106 7.813342
1203 2699 7.872977
1204 363 4.306650
1205 896 2.937902
1206 784 4.595383
1207 2195 5.095135
1208 1551 7.734771
1209 2164 8.222897
1210 2112 7.861096
1211 1869 5.660383
1212 905 5.629314
1213 906 2.726153
1214 908 4.523541
1215 2559 7.356892
1216 2415 8.156329
1217 46 8.394387
1218 2907 1.787898
1219 1290 7.414182
1220 1095 7.010327
1221 1027 7.622862
1222 2854 5.306645
1223 1339 6.381139
1224 917 4.086902
1225 918 2.937971
1226 1720 6.742310
1227 136 6.932371
1228 696 6.835118
1229 2837 5.819819
1230 973 7.467558
1231 2086 8.175447
1232 1549 8.465082
1233 928 2.819656
1234 613 5.620922
1235 930 0.577428
1236 2394 5.791912
1237 2867 5.406143
1238 23 6.619682
1239 2061 6.971699
1240 769 7.357738
1241 1802 8.428317
1242 499 8.350872
1243 843 7.410151
1244 1004 7.572914
1245 1906 7.345796
1246 419 7.368338
1247 1949 8.356489
1248 944 0.735280
1249 946 4.280945
1250 2735 5.655760
1251 13 5.673242
1252 1371 7.001009
1253 2560 7.552442
1254 450 7.861244
1255 1381 7.971870
1256 689 7.609614
1257 969 3.835730
1258 1100 7.081531
1259 923 7.739808
1260 2382 8.255994
1261 2146 7.574072
1262 845 8.260670
1263 363 4.899400
1264 966 0.815285
1265 1592 5.971171
1266 978 1.997371
1267 2861 6.614222
1268 612 2.242198
1269 971 7.698900
1270 1050 7.571479
1271 1767 8.312386
1272 601 7.017068
1273 1831 6.487842
1274 977 3.264570
1275 2367 8.402948
1276 2903 6.687136
1277 1544 7.406717
1278 1415 7.673439
1279 2372 8.319917
1280 432 8.575964
1281 2906 4.701613
1282 1347 6.581215
1283 1647 7.423686
1284 2840 5.033997
1285 1751 7.783678
1286 1067 8.172985
1287 1412 8.273679
1288 466 8.420267
1289 1273 8.667843
1290 2559 7.957340
1291 996 5.028722
1292 997 6.246912
1293 998 4.419036
1294 2871 5.635918
1295 2345 7.093128
1296 2642 6.248748
1297 1884 7.980322
1298 513 8.473551
1299 170 7.568824
1300 2169 7.111769
1301 53 7.232757
1302 878 6.867351
1303 2304 6.880473
1304 708 7.078410
1305 1594 7.280462
1306 227 6.889965
1307 2123 4.130761
1308 2867 5.997173
1309 2418 7.957428
1310 809 7.904373
1311 1022 2.282766
1312 2353 5.692353
1313 802 8.527939
1314 1025 1.950747
1315 961 7.192687
1316 2794 4.102781
1317 1418 5.892491
1318 130 7.878021
1319 1294 7.235280
1320 771 6.678914
1321 1037 3.995359
1322 601 6.629420
1323 2228 6.304307
1324 92 8.092795
1325 833 3.274011
1326 1167 7.405601
1327 2492 6.574883
1328 1915 6.917225
1329 211 6.753622
1330 415 7.188826
1331 1339 4.928731
1332 1046 5.135950
1333 483 7.754362
1334 1869 5.947958
1335 1222 8.648812
1336 2260 3.142350
1337 1290 6.815684
1338 29 7.793769
1339 130 6.932067
1340 2348 6.260852
1341 378 7.587900
1342 1071 8.271248
1343 2185 8.369557
1344 1473 7.593263
1345 1206 7.879452
1346 1242 7.878227
1347 1529 7.979853
1348 2449 8.526531
1349 2395 7.255358
1350 398 8.253909
1351 354 8.420581
1352 1523 7.321986
1353 1475 6.941791
1354 1067 6.497397
1355 409 4.092492
1356 2856 3.573853
1357 2874 3.881251
1358 2156 7.686411
1359 51 5.970775
1360 2888 6.004992
1361 116 7.285468
1362 2846 6.913172
1363 1608 9.134302
1364 2703 6.945610
1365 1089 6.773107
1366 2828 4.512874
1367 709 7.676845
1368 1927 8.442330
1369 1391 7.811474
1370 366 7.186639
1371 1284 6.252053
1372 1090 8.028465
1373 1138 7.433511
1374 1910 7.224422
1375 323 7.809100
1376 1097 5.654987
1377 1098 5.901328
1378 1111 4.539825
1379 2264 7.767199
1380 236 7.758093
1381 2817 5.620686
1382 960 7.539326
1383 1802 8.036203
1384 2858 8.180134
1385 2925 7.115621
1386 1913 7.933292
1387 1106 2.016919
1388 2119 4.708679
1389 1108 2.731277
1390 2899 5.782086
1391 337 8.344626
1392 1121 6.081807
1393 2877 3.084056
1394 2860 3.884416
1395 222 8.248573
1396 100 8.060171
1397 267 7.782963
1398 992 5.946057
1399 1120 3.562227
1400 2855 7.575479
1401 1055 6.545223
1402 1878 7.844677
1403 2444 7.154155
1404 741 8.062815
1405 738 6.645787
1406 760 7.580986
1407 995 6.096457
1408 2119 5.457976
1409 1129 3.626444
1410 67 6.754209
1411 2293 6.600554
1412 2459 7.353511
1413 2551 7.825854
1414 2123 5.352445
1415 401 7.822294
1416 600 3.993436
1417 1546 7.550009
1418 2147 7.552022
1419 343 6.683374
1420 2094 8.463487
1421 2477 7.675234
1422 440 5.632195
1423 1142 5.214980
1424 140 5.712763
1425 2409 8.376112
1426 452 7.873508
1427 1642 5.774765
1428 1016 8.227148
1429 2045 7.589457
1430 143 6.586835
1431 2361 6.418940
1432 1208 5.061389
1433 2158 5.090549
1434 2932 5.705385
1435 138 8.247471
1436 1014 7.207837
1437 2665 6.620102
1438 1622 6.633649
1439 2496 5.865138
1440 1143 8.481231
1441 1163 5.829469
1442 2807 4.895762
1443 2918 2.005769
1444 2878 4.363711
1445 1682 4.677305
1446 2209 7.325964
1447 2802 6.709079
1448 1020 6.640149
1449 715 7.223827
1450 2446 4.826166
1451 2802 5.817669
1452 1926 7.370773
1453 1173 6.671409
1454 1175 7.484971
1455 1176 4.674491
1456 2576 7.817376
1457 991 7.958931
1458 1486 8.712873
1459 821 8.083516
1460 784 6.324535
1461 2168 8.320694
1462 798 8.116670
1463 149 8.127581
1464 2928 1.998865
1465 756 8.414178
1466 2120 5.498440
1467 2607 7.169911
1468 1947 8.720831
1469 834 5.957183
1470 2642 5.945779
1471 1251 7.822402
1472 5 5.859903
1473 1547 6.458603
1474 1935 8.038704
1475 1804 8.258612
1476 191 6.238999
1477 1202 7.136274
1478 1240 6.805837
1479 1308 6.842074
1480 454 8.090746
1481 118 8.010757
1482 2554 8.627358
1483 2466 6.051804
1484 145 8.016350
1485 1272 7.281336
1486 186 7.551967
1487 1202 5.446699
1488 2706 7.286945
1489 2161 3.087947
1490 1814 6.838282
1491 103 8.246760
1492 218 7.597647
1493 2122 7.233577
1494 122 8.101999
1495 419 7.759148
1496 2505 7.548291
1497 2014 6.313368
1498 1217 4.815526
1499 580 7.744526
1500 1020 3.369550
1501 2005 7.581452
1502 1789 7.398888
1503 1715 7.543553
1504 2707 6.985143
1505 2462 6.009558
1506 208 4.430400
1507 1229 0.914621
1508 1230 6.840244
1509 2902 4.071295
1510 343 4.248224
1511 1338 5.344905
1512 528 3.136696
1513 1450 7.937297
1514 1727 8.237599
1515 1501 6.718788
1516 1697 8.650266
1517 440 6.559222
1518 2838 5.710487
1519 1212 6.818365
1520 1255 7.097435
1521 2414 7.148654
1522 1210 7.285041
1523 922 6.598720
1524 68 6.660210
1525 271 7.783754
1526 2275 6.253556
1527 2691 7.985211
1528 2123 5.487038
1529 2202 7.534740
1530 1343 6.673239
1531 393 5.851085
1532 131 7.614009
1533 279 7.854932
1534 1220 8.035587
1535 414 7.596586
1536 2122 3.234585
1537 2329 7.622609
1538 2249 8.582176
1539 2356 7.473268
1540 2587 7.271610
1541 949 8.461164
1542 289 6.377940
1543 731 7.589606
1544 674 6.408933
1545 509 7.798943
1546 530 7.661999
1547 966 6.236034
1548 595 4.959228
1549 474 4.624872
1550 2126 7.780472
1551 1415 8.216974
1552 143 7.121429
1553 2307 7.616347
1554 1736 7.676080
1555 1409 5.794410
1556 1166 5.976659
1557 1320 7.868557
1558 2796 4.210009
1559 1279 4.772014
1560 373 6.150735
1561 1281 4.019206
1562 2881 4.646857
1563 1930 3.461149
1564 2800 5.399367
1565 2718 7.970493
1566 1715 7.530637
1567 812 7.469364
1568 2394 6.298356
1569 290 6.814903
1570 693 7.472234
1571 2465 6.972947
1572 1339 5.956675
1573 2627 7.719017
1574 2327 2.752564
1575 82 6.075005
1576 1936 7.039654
1577 151 7.927993
1578 785 7.682167
1579 1440 8.043566
1580 1816 7.679632
1581 1300 6.848169
1582 316 7.544510
1583 1014 7.292421
1584 2245 7.227432
1585 2666 6.980469
1586 2755 5.506253
1587 1279 5.536675
1588 2850 7.523815
1589 1125 6.439625
1590 1261 7.685728
1591 2262 8.678896
1592 1357 4.953043
1593 2854 6.088239
1594 1594 8.305270
1595 2785 7.882807
1596 2578 7.541372
1597 2353 6.331209
1598 328 7.448516
1599 25 3.834792
1600 1622 7.842953
1601 1981 5.818982
1602 970 7.304411
1603 2218 4.214193
1604 194 6.733634
1605 1337 4.380187
1606 1338 3.620143
1607 1339 4.964855
1608 2854 3.128343
1609 1472 7.033813
1610 262 6.673254
1611 1321 7.214665
1612 29 6.502098
1613 2739 6.661867
1614 2559 6.414600
1615 1348 7.249789
1616 2870 2.714170
1617 1622 7.880461
1618 2209 8.126986
1619 1029 8.338587
1620 380 6.191666
1621 2862 6.946307
1622 578 6.626499
1623 1138 7.649585
1624 131 7.517398
1625 1862 8.238655
1626 1355 6.207711
1627 1044 8.649752
1628 204 6.873553
1629 2119 5.888956
1630 2120 5.253455
1631 2455 6.949597
1632 1360 3.344527
1633 995 8.218129
1634 2226 7.570860
1635 2880 3.246305
1636 131 5.226947
1637 2033 7.323609
1638 1274 6.001153
1639 162 7.635420
1640 2173 6.593330
1641 452 7.749432
1642 1463 7.991301
1643 2180 8.559287
1644 2357 7.098275
1645 1973 4.625733
1646 601 6.937616
1647 2138 7.856143
1648 2046 7.506910
1649 1166 7.356935
1650 2351 7.505248
1651 2829 7.344030
1652 2361 7.247007
1653 2771 6.471010
1654 2120 4.637214
1655 1724 5.551162
1656 2879 6.267871
1657 1927 7.797949
1658 1622 7.801633
1659 995 8.525035
1660 2444 6.827080
1661 1960 7.199492
1662 1396 7.864252
1663 1438 7.267054
1664 2092 7.076716
1665 2821 4.486241
1666 2416 8.493532
1667 2360 5.136003
1668 1379 8.058126
1669 420 8.104058
1670 1399 5.320561
1671 208 2.997861
1672 2280 8.248205
1673 1123 8.232930
1674 2894 6.286010
1675 136 7.629588
1676 1594 7.690529
1677 999 7.705942
1678 478 6.173814
1679 2474 6.145430
1680 1528 7.901969
1681 2809 4.808547
1682 2066 8.188016
1683 2011 8.707083
1684 1466 7.334064
1685 2240 6.590731
1686 2852 8.021064
1687 1419 2.039851
1688 915 8.038952
1689 480 7.846888
1690 382 7.441091
1691 1468 6.134683
1692 1428 5.605726
1693 2360 5.420304
1694 2327 4.701330
1695 2505 5.058539
1696 1350 7.787338
1697 1153 5.957413
1698 1581 5.196638
1699 2747 5.280778
1700 1051 7.466427
1701 30 7.262975
1702 2853 6.801748
1703 2657 7.210366
1704 2202 7.451596
1705 1866 8.879552
1706 2227 8.452804
1707 1681 7.685384
1708 2002 7.876806
1709 1245 7.677187
1710 803 7.589682
1711 1358 5.808110
1712 1250 7.573963
1713 614 7.395298
1714 1440 1.808692
1715 2916 3.486349
1716 1990 7.536902
1717 2450 8.760734
1718 956 8.371961
1719 1790 8.066458
1720 1463 6.199861
1721 1219 7.551511
1722 217 7.498698
1723 1455 6.263712
1724 1809 7.922277
1725 1448 2.030181
1726 995 8.411732
1727 602 4.499524
1728 2095 8.225000
1729 1033 6.825547
1730 59 7.078426
1731 2232 7.672609
1732 1462 6.793281
1733 2213 6.585224
1734 116 7.379628
1735 1458 1.969343
1736 277 8.323638
1737 2881 6.757772
1738 13 5.629738
1739 2690 6.853964
1740 2533 7.946929
1741 45 7.742690
1742 998 6.534999
1743 1466 2.663824
1744 2533 6.864785
1745 2821 5.119926
1746 2856 3.677514
1747 2934 6.342478
1748 2095 7.168409
1749 1308 7.602244
1750 1587 7.575207
1751 1931 7.696257
1752 2430 7.420394
1753 2707 4.713464
1754 1480 1.546580
1755 1719 4.760318
1756 1041 8.288128
1757 1732 8.035797
1758 796 8.068188
1759 2157 7.886818
1760 414 8.380310
1761 1483 7.323625
1762 182 8.667737
1763 2293 8.279385
1764 2296 8.271663
1765 754 8.410224
1766 555 7.393199
1767 2754 6.730350
1768 1100 8.193432
1769 2483 4.656920
1770 1641 5.334857
1771 1208 7.839574
1772 2820 8.270693
1773 1497 4.105853
1774 1226 8.488154
1775 2840 7.271307
1776 615 8.222855
1777 957 7.923931
1778 161 7.027127
1779 178 7.463361
1780 1413 7.633715
1781 1504 1.444477
1782 154 7.547264
1783 2907 2.859506
1784 1119 3.961622
1785 2878 7.570646
1786 1880 8.612101
1787 525 7.891230
1788 2047 7.773522
1789 1264 7.993690
1790 2408 6.675867
1791 1167 6.559216
1792 2825 7.393308
1793 1657 6.557470
1794 2351 7.235794
1795 2839 7.749788
1796 532 7.396788
1797 1680 8.396925
1798 2530 7.587068
1799 2468 6.968405
1800 1519 4.085121
1801 1520 1.663785
1802 1285 8.269379
1803 299 7.768631
1804 2510 7.746521
1805 1994 5.658335
1806 2690 6.419928
1807 1920 5.527989
1808 88 8.127063
1809 1525 5.639757
1810 1280 7.463989
1811 2403 7.525386
1812 1211 7.603071
1813 1876 8.317104
1814 133 8.142815
1815 827 6.596948
1816 1670 7.630800
1817 206 7.654502
1818 802 8.396865
1819 401 7.779901
1820 1134 6.365010
1821 1537 2.849171
1822 1621 6.878496
1823 2476 7.380339
1824 1140 7.511526
1825 394 7.735812
1826 2279 7.502109
1827 1274 4.846753
1828 2399 8.001753
1829 2889 6.580438
1830 2706 4.356035
1831 2513 8.265050
1832 899 8.333684
1833 1906 8.390172
1834 978 8.297176
1835 1950 8.582478
1836 956 8.162198
1837 482 7.359555
1838 2351 7.253357
1839 2716 7.287157
1840 1554 5.149807
1841 1981 6.035937
1842 208 6.314126
1843 686 7.587921
1844 1200 7.653096
1845 771 7.288907
1846 1557 5.279235
1847 1512 6.977503
1848 2856 4.039665
1849 171 7.544054
1850 2735 6.943225
1851 2430 8.246707
1852 479 8.570504
1853 289 6.887842
1854 34 5.239447
1855 1425 7.954456
1856 409 3.723328
1857 2909 3.473247
1858 619 8.530140
1859 2474 8.424808
1860 156 7.416511
1861 1646 6.862758
1862 1809 8.765659
1863 1572 8.152114
1864 2853 3.877536
1865 2014 8.068966
1866 886 8.217286
1867 676 8.016636
1868 1727 8.571160
1869 1212 7.631215
1870 1280 8.113236
1871 201 6.531730
1872 1595 3.643805
1873 263 8.273144
1874 640 7.571434
1875 2122 4.061785
1876 1817 8.448455
1877 598 8.443439
1878 1240 6.503952
1879 2008 6.894645
1880 1944 8.247247
1881 727 7.698563
1882 729 7.458802
1883 2195 7.167122
1884 1605 4.135959
1885 1183 7.970020
1886 2744 8.176162
1887 0 5.151279
1888 379 6.057057
1889 169 7.359051
1890 343 4.874024
1891 1599 7.077162
1892 274 2.412496
1893 805 7.651418
1894 2200 8.238432
1895 686 7.159292
1896 379 6.513412
1897 2548 6.295612
1898 2395 7.701595
1899 1368 8.152758
1900 2156 5.052640
1901 2933 5.045658
1902 1440 5.565198
1903 1613 3.315320
1904 2781 5.990156
1905 2510 6.074767
1906 2201 8.353939
1907 2462 7.057556
1908 2844 7.009122
1909 788 7.871953
1910 823 6.338020
1911 832 7.634891
1912 2834 4.738676
1913 2258 8.241559
1914 2627 8.068460
1915 2040 7.149040
1916 1635 6.145854
1917 2826 7.344699
1918 2827 7.829292
1919 10 6.301201
1920 384 6.460933
1921 2384 8.110206
1922 734 6.530967
1923 1643 2.909164
1924 745 8.308415
1925 359 8.571919
1926 856 8.830375
1927 203 8.270088
1928 2516 7.727379
1929 827 7.390007
1930 2492 6.311119
1931 219 7.418854
1932 2794 6.941755
1933 434 7.790044
1934 1736 6.635549
1935 2217 6.584663
1936 2846 3.548749
1937 2874 3.916433
1938 1602 7.712384
1939 2889 6.611828
1940 2894 6.647654
1941 1665 2.827411
1942 1960 8.062266
1943 1668 2.354483
1944 913 6.144265
1945 1386 8.217603
1946 1862 8.651937
1947 2533 7.747833
1948 1365 6.828721
1949 2856 6.591730
1950 1699 6.997579
1951 779 7.244237
1952 2915 6.109289
1953 1159 7.375904
1954 1183 8.073138
1955 1644 8.700741
1956 1435 8.026723
1957 1435 7.303324
1958 2340 8.124418
1959 2408 7.324230
1960 1922 6.907490
1961 1685 5.948870
1962 2283 8.081302
1963 2 8.373920
1964 1573 5.748970
1965 1232 5.632641
1966 1892 8.489633
1967 2927 5.223619
1968 1856 8.224790
1969 2217 6.408010
1970 744 7.843573
1971 198 7.166305
1972 1804 8.254225
1973 454 7.523348
1974 1236 6.329979
1975 301 6.973094
1976 1690 2.244449
1977 430 7.549626
1978 2048 7.699942
1979 60 7.392331
1980 191 6.262096
1981 135 8.115235
1982 60 8.121986
1983 469 7.474841
1984 2409 7.721636
1985 2690 7.694874
1986 392 5.679129
1987 474 6.163054
1988 1778 7.843188
1989 122 7.664217
1990 2359 4.136474
1991 1593 6.461131
1992 2175 7.787602
1993 2808 6.484492
1994 1120 6.165855
1995 1806 7.512364
1996 1387 7.355290
1997 2104 7.981723
1998 626 7.829429
1999 1473 8.447112
2000 233 7.781819
2001 2813 6.125069
2002 2284 7.003283
2003 1209 7.620426
2004 2862 6.585963
2005 235 6.944926
2006 1722 3.114812
2007 1699 7.573965
2008 1714 5.271331
2009 1715 0.723300
2010 1633 8.823316
2011 1716 5.560598
2012 2928 5.669704
2013 886 8.543420
2014 409 6.655639
2015 2808 6.130780
2016 685 7.438607
2017 409 5.251500
2018 1641 5.240086
2019 1730 5.948972
2020 2834 7.369555
2021 1724 2.402897
2022 2649 7.892221
2023 788 7.049392
2024 2236 5.881593
2025 694 6.822337
2026 812 7.248642
2027 255 7.758630
2028 60 7.782414
2029 2883 5.970267
2030 2837 6.058536
2031 931 6.053041
2032 2594 6.442971
2033 2656 5.229796
2034 206 6.953290
2035 1880 8.277078
2036 384 7.319799
2037 1785 7.247477
2038 1736 4.720912
2039 1737 2.789672
2040 602 4.171715
2041 922 7.620798
2042 711 7.090270
2043 1752 4.548007
2044 1636 7.785410
2045 1754 6.737778
2046 1748 4.272798
2047 2862 4.934610
2048 2161 4.517241
2049 2311 4.674001
2050 508 7.893247
2051 2218 5.928242
2052 2473 8.127977
2053 1753 6.975159
2054 2489 6.913526
2055 1756 7.159232
2056 1757 7.463928
2057 2466 3.524027
2058 2231 5.159204
2059 2161 4.138609
2060 1820 5.885982
2061 323 8.058237
2062 1764 7.776264
2063 2838 8.312970
2064 1973 5.803622
2065 2877 3.788517
2066 2240 7.294384
2067 2854 4.653759
2068 600 5.310225
2069 2868 6.287965
2070 419 8.138222
2071 1620 7.566124
2072 373 6.514706
2073 2835 6.842769
2074 1773 6.122727
2075 1774 4.987364
2076 104 6.041657
2077 415 6.228056
2078 1777 1.817119
2079 90 7.801238
2080 1611 6.887289
2081 1409 6.817490
2082 74 8.110809
2083 637 5.341700
2084 572 7.972863
2085 2714 6.290896
2086 131 6.449196
2087 1591 4.046692
2088 2293 4.785601
2089 2792 6.588137
2090 539 7.187851
2091 530 6.380280
2092 1786 7.331925
2093 2672 6.909038
2094 2528 5.553061
2095 1119 3.779565
2096 2830 4.493115
2097 602 4.340613
2098 2857 3.839707
2099 1508 4.350379
2100 330 6.704370
2101 1642 6.086557
2102 554 8.296762
2103 185 7.777904
2104 1797 0.971979
2105 2293 6.858496
2106 1787 2.874748
2107 1789 1.745158
2108 2692 6.908564
2109 1805 6.734338
2110 2532 6.369383
2111 2161 4.691390
2112 1812 7.059688
2113 171 6.658382
2114 2933 6.560816
2115 592 7.758384
2116 1438 8.420021
2117 2817 5.436685
2118 360 6.015713
2119 1591 3.778117
2120 2916 5.254589
2121 2338 4.901868
2122 2828 7.181819
2123 101 6.527429
2124 528 4.586038
2125 744 7.975067
2126 743 7.608578
2127 823 7.946421
2128 1813 2.368462
2129 213 7.253164
2130 302 6.642150
2131 1210 5.267836
2132 17 5.702568
2133 2746 4.168559
2134 2866 3.911817
2135 1832 6.839418
2136 709 6.766683
2137 2231 4.520183
2138 437 4.517504
2139 2105 6.779208
2140 1839 5.945909
2141 1840 4.949931
2142 930 6.842598
2143 485 6.633395
2144 1972 6.601799
2145 1071 7.968953
2146 2849 4.238230
2147 1020 5.108476
2148 770 4.320616
2149 811 3.972236
2150 435 5.561538
2151 1849 3.613303
2152 1841 5.833124
2153 1876 7.369087
2154 2120 5.201927
2155 1836 4.956586
2156 2120 4.415022
2157 2762 4.579902
2158 25 4.276732
2159 2912 3.328120
2160 1508 4.759632
2161 2864 4.453503
2162 2173 5.276963
2163 151 5.150339
2164 2425 5.465310
2165 1700 8.646542
2166 751 7.271509
2167 799 7.426879
2168 1862 5.146205
2169 1851 5.801358
2170 411 5.994134
2171 2313 7.316613
2172 2525 5.635919
2173 2350 7.936146
2174 2231 4.270942
2175 208 3.436949
2176 2924 3.658059
2177 2360 3.458288
2178 2876 3.852287
2179 37 6.150329
2180 2175 6.890377
2181 1032 7.987746
2182 676 7.780956
2183 2831 4.544508
2184 612 2.604524
2185 2876 4.664134
2186 2858 3.903179
2187 189 7.037971
2188 1880 4.639069
2189 2193 7.092568
2190 1872 1.950014
2191 1182 7.135270
2192 801 7.506396
2193 2731 6.601467
2194 307 3.541466
2195 60 6.416952
2196 1354 7.395531
2197 2712 7.222350
2198 2903 3.604759
2199 2913 2.760711
2200 54 5.465189
2201 2570 8.317864
2202 1887 5.540119
2203 1154 7.240885
2204 2868 6.601546
2205 2359 3.884110
2206 2684 2.987656
2207 1592 3.492420
2208 2219 6.168724
2209 2446 5.608337
2210 115 7.691738
2211 2852 5.450491
2212 505 6.980178
2213 1901 4.737866
2214 307 6.815691
2215 1838 6.755794
2216 1518 5.934518
2217 2712 7.641265
2218 1642 2.540177
2219 2849 3.349590
2220 612 2.930180
2221 2911 5.064791
2222 60 6.447325
2223 133 6.610326
2224 335 7.491110
2225 1003 7.777639
2226 1804 7.088846
2227 1926 4.917194
2228 264 7.817531
2229 1095 6.863107
2230 2878 5.702328
2231 1944 6.701116
2232 1906 4.078047
2233 2828 3.867308
2234 2360 3.464665
2235 2849 2.778450
2236 2878 3.704772
2237 257 4.664619
2238 1804 5.846925
2239 1932 4.959634
2240 1960 7.591889
2241 2672 7.402647
2242 2360 3.282782
2243 2123 2.633470
2244 2849 3.389839
2245 2122 2.340114
2246 2425 5.307093
2247 1335 5.337846
2248 1940 1.457388
2249 1843 6.582665
2250 1339 7.019604
2251 2866 6.441772
2252 1476 6.798253
2253 2188 7.531761
2254 2105 4.446595
2255 2880 4.657611
2256 1146 8.050251
2257 1941 5.462611
2258 1227 6.830089
2259 2857 4.053769
2260 2327 3.405693
2261 2887 3.052058
2262 2347 5.081261
2263 2434 8.728248
2264 1121 7.680456
2265 1728 6.684610
2266 1325 2.874829
2267 1848 8.311080
2268 1521 8.162695
2269 197 8.154417
2270 125 7.425768
2271 25 7.740568
2272 1934 6.700547
2273 2407 6.472044
2274 2346 6.126419
2275 2798 7.969375
2276 74 7.115436
2277 1940 4.821326
2278 1975 2.313267
2279 612 5.707704
2280 2218 4.883010
2281 2540 3.655627
2282 25 3.113768
2283 1581 5.545195
2284 72 6.247952
2285 2883 4.131573
2286 150 6.908314
2287 2218 2.755889
2288 1997 6.505496
2289 41 7.626991
2290 2211 7.896747
2291 1986 6.813121
2292 29 5.896380
2293 1672 7.475269
2294 2885 3.026656
2295 39 4.938997
2296 2862 4.739933
2297 2644 5.742239
2298 2878 7.987459
2299 52 5.750726
2300 2828 7.514362
2301 94 7.620947
2302 330 7.002987
2303 769 4.879455
2304 2927 2.990203
2305 2844 5.242931
2306 74 7.087037
2307 508 7.332692
2308 13 6.745728
2309 2571 6.849384
2310 2001 6.115942
2311 2002 6.938124
2312 2003 5.152692
2313 186 7.752459
2314 2007 4.777185
2315 1025 7.868043
2316 2024 6.653884
2317 1472 7.084755
2318 2120 5.424062
2319 2218 3.576210
2320 1921 4.370095
2321 145 5.579960
2322 2549 7.634655
2323 943 5.701419
2324 2021 4.189379
2325 308 7.814004
2326 2284 7.175483
2327 1724 5.379276
2328 2231 4.170604
2329 1277 3.692327
2330 146 5.792073
2331 916 7.124724
2332 2815 6.926052
2333 392 7.643485
2334 2888 3.945025
2335 1921 3.866239
2336 2053 6.682337
2337 514 8.362858
2338 2158 7.240953
2339 2032 5.759645
2340 2917 4.803370
2341 549 7.905479
2342 1258 7.350475
2343 803 7.303504
2344 945 6.558406
2345 156 6.003832
2346 380 5.939123
2347 2303 6.387189
2348 140 3.860099
2349 2357 4.660502
2350 2129 5.021943
2351 2856 6.217401
2352 2307 7.984986
2353 2046 4.793667
2354 67 6.418144
2355 28 7.639075
2356 88 7.245943
2357 1478 7.844270
2358 1944 6.240699
2359 209 7.055783
2360 242 5.294647
2361 230 5.812669
2362 122 7.030272
2363 308 7.697190
2364 1506 8.051746
2365 2075 6.411728
2366 1671 8.740962
2367 1025 7.589105
2368 2044 6.720486
2369 2066 2.126635
2370 426 4.564688
2371 485 4.965758
2372 2338 3.632674
2373 713 5.592673
2374 68 5.619289
2375 2878 6.738302
2376 2093 5.546611
2377 2783 8.104330
2378 1619 7.067542
2379 2101 7.191003
2380 1358 6.673420
2381 2505 7.515306
2382 2706 3.586655
2383 661 7.678940
2384 1581 6.991127
2385 2210 6.214790
2386 2851 5.312631
2387 2360 2.957989
2388 1795 6.099314
2389 500 7.732954
2390 2132 6.691417
2391 448 8.615219
2392 1318 7.904659
2393 530 7.855385
2394 2746 3.205656
2395 2882 3.967765
2396 506 6.718986
2397 2110 2.188023
2398 1604 6.635096
2399 2103 5.542526
2400 2928 2.420105
2401 2130 4.310298
2402 2503 8.253464
2403 636 5.833247
2404 2639 7.452872
2405 2360 3.321694
2406 2546 4.231708
2407 327 6.493291
2408 1109 7.164685
2409 2134 5.755889
2410 1663 8.733508
2411 2807 7.202174
2412 2738 5.738888
2413 2121 4.885856
2414 2074 6.470400
2415 2853 6.458060
2416 2696 8.428006
2417 998 5.503991
2418 28 6.932251
2419 2148 5.767388
2420 2483 6.475459
2421 2143 1.713133
2422 151 5.381285
2423 702 8.305812
2424 2163 5.771984
2425 468 7.220106
2426 1966 7.213176
2427 536 8.244239
2428 1306 7.787394
2429 587 8.088600
2430 129 6.848402
2431 2671 5.901625
2432 1774 6.172109
2433 929 6.279546
2434 2871 3.848591
2435 1163 7.704518
2436 2854 5.990085
2437 2592 7.713188
2438 1207 7.588115
2439 2189 4.239439
2440 2752 8.045038
2441 139 5.925193
2442 71 7.466083
2443 470 8.557634
2444 2748 6.788319
2445 140 2.332762
2446 2912 2.879757
2447 2656 6.107979
2448 2196 3.225417
2449 685 8.357443
2450 243 8.414499
2451 2926 7.498868
2452 2847 4.133913
2453 2198 7.340233
2454 2311 7.252253
2455 2191 6.530059
2456 2599 5.965898
2457 1381 6.200948
2458 718 7.801484
2459 242 7.183461
2460 2874 7.485454
2461 847 8.617717
2462 1987 7.707774
2463 2192 2.968627
2464 1236 6.373795
2465 58 5.626861
2466 384 8.012818
2467 575 7.579284
2468 2223 4.524592
2469 2122 6.287569
2470 2210 5.918439
2471 221 7.204246
2472 2338 5.561003
2473 2695 6.492431
2474 2250 5.941221
2475 2233 7.575365
2476 1207 8.566629
2477 2466 5.746330
2478 2260 5.586367
2479 274 2.363736
2480 6 3.591212
2481 365 7.155889
2482 2131 8.055246
2483 39 5.217281
2484 82 7.706633
2485 2234 2.499847
2486 2271 7.779968
2487 2780 6.769078
2488 696 6.407376
2489 1715 6.196893
2490 2226 5.313715
2491 773 5.959210
2492 339 5.598471
2493 2324 5.083197
2494 828 7.098726
2495 2379 7.755868
2496 2268 3.486581
2497 480 7.556501
2498 1647 6.218039
2499 206 6.513288
2500 1574 6.451748
2501 2269 7.158137
2502 1241 7.099384
2503 21 7.968332
2504 1504 7.565777
2505 2168 7.573423
2506 2226 5.867055
2507 2258 4.275381
2508 2895 5.085374
2509 836 6.928994
2510 2276 6.413299
2511 2271 5.593640
2512 2105 6.307316
2513 2240 4.440775
2514 71 6.093691
2515 2253 7.339979
2516 919 7.840675
2517 829 8.187128
2518 2279 6.636546
2519 2273 3.478937
2520 1474 5.451358
2521 1647 6.016350
2522 153 6.776594
2523 2353 6.389551
2524 2112 5.679369
2525 2862 5.921551
2526 2327 3.166036
2527 698 7.450907
2528 440 7.651302
2529 39 6.162375
2530 847 7.553524
2531 2813 7.001615
2532 2287 0.921321
2533 2344 5.342125
2534 2880 3.226976
2535 2861 6.557488
2536 2378 5.344205
2537 1343 6.656805
2538 485 6.622787
2539 2309 5.893342
2540 2302 4.879080
2541 811 4.382488
2542 1802 6.745399
2543 954 8.026379
2544 2320 4.104420
2545 434 7.333654
2546 2208 8.151346
2547 2315 6.033296
2548 2306 4.609246
2549 1715 4.476952
2550 2865 6.125069
2551 1 5.513874
2552 1897 6.720835
2553 251 7.364134
2554 757 6.374565
2555 140 2.515931
2556 55 7.045875
2557 506 6.240374
2558 2279 7.806443
2559 12 7.165131
2560 2360 4.788602
2561 2412 3.770391
2562 2362 4.038894
2563 1360 7.927734
2564 2349 4.265447
2565 2124 7.268992
2566 2894 5.311481
2567 2820 6.565921
2568 420 7.679409
2569 1337 5.733619
2570 2322 7.065856
2571 1245 4.778614
2572 1489 6.495212
2573 1719 5.772232
2574 2388 2.055388
2575 2852 6.123958
2576 244 6.433891
2577 2370 2.672685
2578 2371 5.662616
2579 1742 5.721555
2580 600 3.472373
2581 400 3.433362
2582 2654 4.648665
2583 2794 6.386439
2584 1021 7.303723
2585 2281 7.188341
2586 2119 3.242238
2587 2402 3.046398
2588 409 4.283806
2589 2877 6.393752
2590 1095 5.312341
2591 2409 1.838284
2592 918 9.028516
2593 927 6.919519
2594 427 7.250439
2595 2731 7.279922
2596 1721 5.098131
2597 2799 5.536470
2598 274 2.895112
2599 528 6.070515
2600 1973 4.478830
2601 2426 2.650937
2602 602 4.503760
2603 2415 6.387407
2604 331 4.766458
2605 2642 6.003627
2606 1869 7.780667
2607 2439 1.776508
2608 728 7.510753
2609 397 8.129413
2610 535 7.220731
2611 2284 6.930006
2612 2831 5.790805
2613 648 7.608411
2614 2441 1.237381
2615 2606 7.704981
2616 2706 5.901807
2617 1930 5.423774
2618 2906 5.842528
2619 2029 3.771716
2620 563 6.939117
2621 1096 3.133544
2622 781 7.004689
2623 2786 7.147952
2624 2458 3.817538
2625 1567 7.452644
2626 2471 2.047450
2627 2932 6.471253
2628 2460 0.882321
2629 637 5.008139
2630 1780 5.036104
2631 2720 6.261829
2632 1154 7.482853
2633 1005 4.966816
2634 2017 6.979813
2635 2794 4.228566
2636 927 4.692851
2637 2483 1.790527
2638 90 7.962018
2639 2472 6.110194
2640 2231 4.391873
2641 2684 3.572299
2642 2493 2.423280
2643 16 6.898097
2644 2858 8.353799
2645 2102 6.266208
2646 2032 7.873087
2647 876 7.421276
2648 2484 1.597750
2649 602 6.443562
2650 958 7.853178
2651 2821 4.446389
2652 2847 6.465808
2653 2836 7.867137
2654 2502 3.682511
2655 1804 7.896892
2656 2777 7.878108
2657 600 6.546370
2658 1963 8.105888
2659 1795 7.221042
2660 558 3.787365
2661 696 7.720624
2662 1630 7.696215
2663 274 3.852872
2664 1602 6.532682
2665 648 7.982608
2666 2830 5.437676
2667 2850 4.635129
2668 2528 1.982514
2669 2762 4.063261
2670 2866 5.134738
2671 330 8.098625
2672 2516 5.110688
2673 2517 0.746612
2674 580 8.205357
2675 204 7.618238
2676 992 4.554121
2677 384 7.833463
2678 2531 5.983744
2679 2826 5.699589
2680 415 5.058955
2681 2590 7.834916
2682 2536 6.757888
2683 2875 4.578024
2684 927 5.145921
2685 2778 6.796894
2686 2123 4.251155
2687 1728 4.934894
2688 2562 0.385120
2689 2549 3.333551
2690 2573 6.211238
2691 1164 8.032830
2692 2545 4.050399
2693 2585 6.243289
2694 2247 8.416239
2695 2552 1.996184
2696 2553 2.333819
2697 2877 4.267707
2698 2598 3.824586
2699 2571 1.926284
2700 2572 2.627215
2701 2568 5.852261
2702 2563 4.541058
2703 580 8.439363
2704 1125 7.587882
2705 2524 6.717544
2706 2830 5.850596
2707 331 5.276021
2708 2581 1.480920
2709 2197 7.594083
2710 2574 5.193369
2711 379 5.376394
2712 409 2.622580
2713 98 4.941967
2714 2592 1.278300
2715 71 6.872912
2716 38 6.346264
2717 2575 4.339423
2718 2275 6.565009
2719 1501 7.230595
2720 2336 6.375312
2721 2889 3.968952
2722 939 7.911082
2723 2544 7.755461
2724 2605 4.109304
2725 2856 4.920306
2726 2863 7.539086
2727 1720 6.712031
2728 2203 7.374732
2729 2841 6.374424
2730 2806 6.115214
2731 361 7.622092
2732 2413 6.332722
2733 2735 6.260942
2734 2878 4.492689
2735 2360 3.499425
2736 2712 3.099036
2737 520 7.215425
2738 2607 2.129453
2739 2119 4.139503
2740 2188 6.756087
2741 257 4.133531
2742 30 7.804401
2743 2612 5.130192
2744 1245 8.264685
2745 111 7.921557
2746 2799 5.881265
2747 2877 7.387340
2748 2382 5.388124
2749 2626 2.851235
2750 2187 5.754480
2751 2904 2.992307
2752 2275 7.060419
2753 1813 7.542293
2754 2630 5.437903
2755 2627 1.592071
2756 2684 3.563053
2757 1996 4.125522
2758 2654 4.288435
2759 1996 6.995922
2760 2524 5.628670
2761 2471 3.999131
2762 1780 5.356851
2763 1977 6.824138
2764 1972 5.473188
2765 2123 5.176237
2766 305 8.037788
2767 277 8.208391
2768 2325 7.667518
2769 2648 4.578022
2770 2849 4.964489
2771 990 7.706757
2772 858 4.678168
2773 25 4.627701
2774 2346 4.525434
2775 437 3.544340
2776 2874 3.816035
2777 409 6.601389
2778 474 5.989096
2779 2659 2.395368
2780 435 3.328351
2781 2802 5.585174
2782 2571 4.340378
2783 2671 5.869323
2784 2375 5.277252
2785 2471 4.379831
2786 1210 4.528325
2787 771 5.871967
2788 2492 6.359862
2789 2685 2.757928
2790 2687 4.276899
2791 2686 1.056315
2792 2346 3.670063
2793 833 4.124855
2794 2696 2.636587
2795 2691 3.894050
2796 2665 5.353485
2797 29 6.423051
2798 2674 1.911011
2799 330 4.705038
2800 2697 2.038411
2801 2693 5.835322
2802 2614 2.936379
2803 2713 1.793364
2804 2706 6.924310
2805 218 7.736392
2806 812 5.506269
2807 1125 6.875720
2808 2720 5.204109
2809 812 5.968513
2810 2350 6.581742
2811 2802 3.929099
2812 2733 5.332803
2813 1573 4.553609
2814 2838 5.402742
2815 2697 6.105583
2816 2723 6.933809
2817 2737 1.094189
2818 2734 3.853753
2819 744 6.954428
2820 1212 4.487326
2821 2712 2.856857
2822 2735 2.044636
2823 2706 6.448211
2824 2483 2.700065
2825 2738 2.196672
2826 2756 4.887917
2827 311 8.056046
2828 2748 2.452502
2829 1154 7.407699
2830 384 5.966203
2831 2706 5.194712
2832 2534 4.444655
2833 2743 3.221553
2834 2747 2.337008
2835 2122 4.215705
2836 2684 5.213239
2837 2755 4.080503
2838 209 8.168594
2839 1029 7.995109
2840 2922 4.176956
2841 2757 1.340695
2842 712 7.039276
2843 600 3.457867
2844 2356 5.911427
2845 437 5.023865
2846 393 6.038440
2847 2778 5.517956
2848 2656 4.671022
2849 2836 4.981286
2850 2785 4.199394
2851 2780 4.520489
2852 2781 4.002950
2853 1643 7.711537
2854 285 4.349205
2855 2928 2.018663
2856 2781 3.600687
2857 2394 5.207613
2858 1032 6.942358
2859 2670 3.272583
2860 945 5.481718
2861 2801 4.023156
2862 1996 4.701012
2863 2471 4.579215
2864 2762 4.792586
2865 2826 4.546842
2866 2794 3.183236
2867 577 8.039148
2868 791 5.940439
2869 2837 5.074639
2870 1343 4.463411
2871 2812 3.622624
2872 2805 3.789198
2873 2815 6.172002
2874 2903 2.971755
2875 2812 3.396588
2876 2816 3.787923
2877 2807 1.804417
2878 2836 6.544835
2879 2528 5.054105
2880 2826 3.539139
2881 2816 4.679606
2882 2706 4.719620
2883 2731 5.169173
2884 2840 6.080525
2885 2839 3.561229
2886 2845 4.883236
2887 2839 2.538275
2888 2846 3.909596
2889 285 5.439836
2890 2360 2.927376
2891 409 3.965654
2892 2836 4.722418
2893 2850 4.513815
2894 2840 4.042868
2895 2839 3.380735
2896 2854 3.355942
2897 2860 4.444749
2898 2862 2.080104
2899 2857 3.522664
2900 538 3.591728
2901 2328 5.827839
2902 2863 2.877432
2903 2519 4.488610
2904 1119 4.352521
2905 2863 3.683513
2906 2876 1.985331
2907 1642 3.861618
2908 2862 4.228498
2909 2195 4.581877
2910 2899 4.523562
2911 2931 2.431394
2912 208 2.859367
2913 2927 1.987681
2914 2889 4.020559
2915 2903 2.788198
2916 2888 2.266862
2917 2880 1.647343
2918 2901 2.686213
2919 2907 2.098986
2920 2891 0.672830
2921 2913 2.094866
2922 2913 2.070821
2923 2900 1.596494
2924 2895 1.427938
2925 2912 1.432515
2926 2910 1.998674
2927 2900 1.650305
2928 2909 1.974767
2929 2928 1.675376
2930 2883 1.361874
2931 2920 1.681363
2932 2880 2.741894
2933 2885 1.695313
2934 2883 0.605283
2935 2918 1.694400
2936 1020 4.597591
2937 2119 3.657247
2938 2120 3.913597
2939 2931 2.698743
