751
15 12 55.063600
19 13 67.149088
22 14 51.117512
26 18 62.032250
30 20 44.170126
31 21 72.732386
32 24 87.097646
34 25 37.255872
39 29 48.145612
50 37 64.288413
51 38 58.574739
52 41 77.678826
53 42 63.237647
55 43 56.008928
56 44 62.617889
63 46 57.227616
64 47 54.323107
65 48 87.549986
66 49 68.315445
67 50 36.469165
68 51 64.521314
70 54 28.071338
71 56 22.293497
72 57 38.301436
74 59 61.220911
78 64 79.780950
79 66 90.177603
80 67 31.240999
85 70 64.319515
88 78 70.042844
90 80 32.465366
93 88 56.151581
95 92 50.606324
109 102 86.579443
115 110 44.147480
118 114 55.290144
121 75 96.943282
124 118 44.474712
125 119 68.614867
131 125 54.009258
150 139 76.668116
151 140 68.614867
158 145 19.697716
159 147 34.669872
160 148 56.160484
161 152 90.371456
162 153 51.990384
163 157 53.842363
166 160 78.866977
168 161 52.554733
169 162 62.201286
170 164 47.486840
175 100 99.005050
176 101 81.473922
196 172 24.535688
197 175 30.512293
198 176 19.798990
199 177 73.088987
201 178 36.318040
203 180 37.054015
204 182 19.287302
205 183 38.948684
208 187 38.897301
212 189 27.838822
214 120 87.880601
216 190 57.784081
222 194 35.440090
223 195 64.815122
225 197 28.618176
229 201 69.720872
230 202 33.704599
235 203 24.166092
239 207 26.532998
240 209 23.895606
241 210 74.155243
243 214 51.429563
247 219 25.019992
248 220 41.303753
249 221 61.473572
250 224 85.064681
251 226 93.316665
254 232 39.661064
255 230 22.000000
256 231 16.309506
258 233 64.498062
260 237 32.078030
261 238 35.944402
262 239 34.058773
265 249 63.150614
282 255 53.879495
285 256 32.802439
288 257 74.939976
292 258 73.986485
300 259 58.154965
301 260 79.974996
302 262 73.314391
303 263 52.497619
305 265 38.587563
306 266 44.418465
308 269 90.027773
312 270 34.044089
313 271 55.470713
314 272 62.880840
315 274 90.410176
325 284 55.027266
326 285 78.192071
327 286 58.309519
330 290 35.425979
334 294 32.634338
337 297 77.620873
345 303 70.844901
348 306 89.016852
349 307 44.124823
350 308 34.525353
353 310 71.951372
354 314 41.593269
355 315 72.041655
356 316 74.182208
358 320 40.938979
359 321 32.634338
360 322 66.625821
364 324 46.216880
365 327 42.953463
366 328 38.379682
367 208 94.085068
370 337 75.312682
371 338 57.148928
372 213 72.780492
374 340 59.354865
375 342 83.246622
376 343 60.893349
377 344 39.686270
383 348 43.485630
385 354 63.182276
386 355 56.964901
387 357 71.533209
388 359 20.024984
391 362 19.824228
392 363 26.191602
393 365 20.074860
396 372 29.765752
397 373 31.937439
406 599 74.464757
409 382 16.643317
410 383 30.397368
411 381 55.090834
413 388 26.419690
415 387 38.948684
417 389 24.939928
418 390 27.964263
423 392 47.095647
425 394 50.487622
426 396 59.354865
432 398 33.615473
454 408 62.217361
455 411 83.809307
461 416 55.009090
462 417 15.132746
463 418 38.457769
464 419 50.109879
465 420 54.286278
466 421 85.363927
467 423 93.354164
468 422 54.763126
469 427 64.210591
473 431 41.231056
475 438 39.230090
476 436 88.588938
479 442 23.021729
481 450 66.294796
482 451 45.705580
483 447 22.516660
484 448 70.334913
489 455 52.086467
490 456 29.427878
492 461 96.046864
502 463 47.063787
508 469 87.584245
511 471 79.151753
512 472 37.443290
515 474 43.703547
516 475 63.300869
517 473 45.552168
519 478 45.177428
520 479 87.937478
522 480 55.605755
525 483 38.131352
528 484 39.711459
529 486 50.279220
530 487 76.596345
531 488 32.264532
532 492 86.648716
534 493 46.173586
537 495 76.648549
539 499 53.814496
540 500 80.311892
543 505 52.249402
545 507 74.101282
546 508 89.078617
548 510 50.842895
549 511 73.613857
551 513 48.404545
565 523 93.332738
573 526 85.796270
580 532 66.257075
585 533 22.383029
586 534 69.921384
597 549 27.202941
598 878 90.724859
602 552 79.183332
603 553 91.651514
604 559 34.452866
606 558 89.414764
608 565 91.918442
613 569 70.398864
615 571 60.099917
616 573 49.173163
620 572 46.195238
627 367 99.639350
631 576 73.586684
634 577 52.516664
637 579 47.222876
640 375 65.092242
646 584 29.748950
648 590 20.024984
649 591 50.378567
651 597 54.359912
655 957 84.023806
656 604 43.278170
657 605 15.231546
659 606 44.977772
660 609 28.337255
663 965 92.190021
666 612 51.107729
667 613 38.196859
681 618 33.000000
694 623 56.815491
701 628 54.101756
702 626 98.823074
703 629 79.221209
720 632 78.096095
729 643 39.534795
730 647 41.533119
733 650 27.349589
734 651 35.916570
736 655 50.139805
737 654 15.132746
738 656 62.841069
739 658 42.284749
741 659 61.049161
742 660 62.473995
743 661 38.091994
745 662 32.939338
748 667 42.508823
749 668 73.477888
750 670 55.991071
751 671 45.793013
753 673 28.425341
754 675 82.975900
755 676 70.014284
756 679 88.362888
759 680 43.634848
760 681 74.953319
761 683 49.678969
767 692 28.930952
768 693 48.723711
769 699 57.087652
770 700 43.162484
771 695 29.189039
772 696 45.299007
773 707 58.240879
774 703 71.756533
775 708 28.284271
777 709 30.380915
778 710 78.281543
779 716 78.924014
783 714 43.600459
784 715 73.164199
785 717 59.682493
787 719 77.278716
788 726 62.705662
791 721 45.825757
792 728 49.376108
793 727 96.078093
800 464 90.890043
801 733 70.512410
802 734 98.331073
806 735 30.838288
807 738 49.628621
808 736 30.331502
810 739 81.780193
811 740 44.102154
812 741 87.481427
815 745 35.425979
817 748 81.731267
818 749 92.892411
819 746 73.355300
820 747 97.483332
822 750 56.462377
823 751 26.457513
830 754 32.357379
837 761 46.195238
842 763 25.845696
844 764 38.613469
845 765 26.419690
847 768 83.528438
851 769 33.719431
855 770 71.470274
856 771 56.929781
859 773 40.224371
862 775 54.827001
865 780 98.848369
866 778 36.482873
867 781 23.194827
868 782 59.329588
871 786 72.938330
873 789 56.373753
874 790 41.952354
875 787 27.221315
876 788 53.842363
878 792 56.115951
879 794 47.286362
882 793 50.941143
883 800 90.537285
884 801 39.293765
887 804 50.149776
892 809 24.186773
894 811 44.362146
895 814 99.433395
898 819 28.896367
899 820 41.809090
901 822 81.725149
902 823 29.799329
904 825 51.942276
906 827 53.591044
910 832 74.081037
911 833 75.006666
912 834 75.888075
917 840 44.732538
918 841 90.730370
920 839 30.724583
922 844 33.823069
924 845 47.042534
929 848 43.588989
930 850 81.914590
932 854 38.457769
933 855 89.000000
934 856 74.893257
935 857 36.796739
936 858 60.737139
937 861 54.027771
938 863 39.127995
942 864 42.367440
943 865 43.046487
948 870 59.640590
951 872 42.332021
953 873 33.030289
954 874 40.447497
955 878 39.140772
956 879 35.312887
959 877 72.297994
960 880 60.307545
967 885 41.424630
969 886 48.559242
977 889 26.153394
981 890 72.787362
983 898 60.174746
987 903 50.477718
988 904 54.817880
990 905 27.459060
993 908 66.715815
995 907 22.360680
996 912 32.372828
997 913 65.916614
1001 911 22.737634
1002 920 34.871192
1008 914 59.774577
1009 921 72.463784
1010 922 52.516664
1011 925 96.989690
1012 926 25.922963
1013 929 30.561414
1017 935 61.975802
1030 947 57.166424
1035 951 35.665109
1037 953 46.914816
1040 958 30.789609
1041 959 28.000000
1044 960 46.786750
1047 966 25.592968
1050 968 65.589633
1051 965 23.811762
1054 970 28.407745
1055 975 63.095166
1059 979 31.890437
1065 1472 56.683331
1067 986 43.428102
1069 984 87.994318
1074 987 27.276363
1077 990 41.856899
1080 991 34.249088
1087 994 40.373258
1092 997 75.557925
1094 996 48.938737
1101 999 71.840100
1102 1000 29.832868
1108 1003 34.044089
1124 1007 77.129761
1135 1009 49.769469
1146 1011 93.669632
1154 1012 32.542280
1163 1024 95.869703
1164 1022 45.607017
1167 1029 67.334983
1168 1033 72.601653
1170 1036 79.548727
1171 1037 75.179785
1174 1040 49.527770
1176 1042 75.822160
1177 1043 36.428011
1178 1044 83.162492
1181 1046 90.410176
1182 1047 77.427385
1183 1048 75.637292
1186 1052 45.749317
1187 1055 88.926936
1191 1057 32.109189
1192 1059 20.248457
1193 1063 45.858478
1194 1061 41.448764
1198 1072 63.623895
1203 1076 45.705580
1204 1079 35.608988
1206 1083 59.000000
1207 1081 48.774994
1208 1085 52.191953
1209 1086 95.524866
1210 1089 46.968074
1212 1093 98.091794
1213 1091 44.710178
1214 1092 64.265076
1215 1088 76.948034
1216 1094 81.430952
1217 1096 66.226883
1218 1103 58.455111
1220 1100 57.192657
1221 1101 81.406388
1228 1111 49.081565
1229 1113 30.182777
1230 1114 50.950957
1237 1117 33.985291
1240 1126 55.659680
1241 1129 71.372264
1242 1127 30.757113
1244 1130 25.865034
1245 1133 23.727621
1249 1134 29.983329
1253 1140 87.914731
1254 1142 41.904654
1255 1143 35.749126
1257 1147 55.018179
1259 1145 56.947344
1260 1149 39.924930
1261 1150 23.473389
1263 1152 83.522452
1265 1155 42.941821
1267 1156 84.504438
1269 1157 50.705029
1270 1159 21.931712
1273 1163 45.243784
1274 1164 44.124823
1277 1160 63.285069
1278 1165 54.735729
1279 1172 77.097341
1280 1173 42.284749
1281 1174 45.000000
1284 1179 99.569072
1294 1183 46.733286
1295 1184 79.705709
1299 1186 36.728735
1300 1187 56.098128
1304 1193 42.355637
1309 1197 78.581168
1310 1198 34.842503
1311 1196 83.910667
1315 1200 72.367120
1316 1201 56.071383
1322 1206 47.095647
1323 1208 40.024992
1324 1209 32.572995
1328 1211 89.872131
1332 1214 94.403390
1335 1215 54.836119
1337 1217 40.877867
1365 1240 72.284161
1366 1241 64.117080
1367 1239 78.759126
1369 1242 57.706152
1371 1876 96.659195
1375 1244 81.798533
1376 1246 95.629493
1377 1247 98.091794
1379 1253 98.208961
1382 1897 88.825672
1388 1259 88.690473
1391 1260 84.829240
1392 1263 29.034462
1393 1264 25.199206
1394 1265 57.280014
1399 1269 49.162994
1405 1274 50.229473
1406 1275 86.307589
1408 1279 73.177866
1410 1280 84.545846
1411 1281 83.156479
1415 1283 89.168380
1416 1284 66.000000
1417 1286 41.231056
1418 1289 61.481705
1420 1291 33.926391
1421 1290 92.687648
1429 1295 29.883106
1435 1300 50.299105
1446 1304 37.775654
1454 1307 38.470768
1456 1309 96.202911
1465 1314 37.080992
1466 1315 42.532341
1475 1320 41.024383
1488 1329 85.603738
1491 1333 99.045444
1493 1332 47.106263
1494 1335 22.181073
1500 1338 69.978568
1504 1340 29.308702
1505 1343 34.641016
1506 1344 97.313925
1511 1352 73.164199
1524 1358 45.254834
1527 1361 51.117512
1528 1362 69.152006
1536 1373 32.863353
1537 1374 31.811947
1539 1378 39.331921
1540 1381 36.783148
1542 1376 89.117899
1543 1377 72.401657
1544 1379 78.358152
1545 1383 51.224994
1550 2143 96.026038
1554 1393 81.129526
1555 1394 58.514955
1558 1398 63.490157
1562 1403 30.000000
1563 1404 84.000000
1565 1408 61.903150
1566 1414 53.879495
1567 1413 40.987803
1571 1417 32.969683
1572 942 99.899950
1574 2210 90.724859
1576 1421 35.128336
1577 1422 43.474130
1582 1431 96.943282
1589 1440 38.275318
1594 1446 52.971691
1597 1451 27.694765
1599 1450 40.521599
1602 1452 72.560320
1603 1456 49.122296
1605 1458 26.076810
1607 1455 68.095521
1615 1465 45.022217
1616 1462 98.127468
1619 1469 39.635842
1626 1470 45.033321
1632 1475 37.576588
1633 1477 33.166248
1654 1487 99.126182
1661 1488 56.080300
1673 1491 56.240555
1680 1494 72.208033
1707 1498 70.356236
1713 1502 43.185646
1714 1503 50.388491
1723 1505 77.698134
1739 1509 32.155870
1743 1511 29.206164
1748 1512 41.448764
1756 1534 85.358069
1762 1552 64.436015
1764 1559 97.411498
1769 1560 69.821200
1772 1565 86.330759
1773 1569 74.906609
1775 1572 82.127949
1779 1577 89.078617
1781 1578 39.140772
1782 1579 72.069411
1793 1590 38.483763
1794 1591 70.071392
1796 1602 67.453688
1798 1607 64.853681
1802 1610 42.355637
1807 1626 76.183988
1810 1628 59.016947
1815 1630 97.816154
1819 1636 90.371456
1828 1643 39.899875
1837 1651 81.761849
1839 1650 72.249567
1842 1660 98.005102
1850 1681 89.487429
1851 1688 63.968742
1859 1696 85.099941
1863 1699 70.405966
1864 1700 35.042831
1871 1704 45.836667
1873 1713 61.375891
1875 1712 45.442271
1878 1714 56.196085
1879 1715 61.359596
1882 1725 78.987341
1883 1732 96.389833
1884 1733 65.161338
1889 1737 65.222695
1893 1738 92.152048
1899 1745 93.770998
1904 1756 65.772335
1906 1752 48.083261
1911 1760 70.844901
1927 1769 61.579217
1932 1775 90.238573
1933 1776 68.833132
1935 1773 57.654141
1957 1792 74.786362
1964 1800 96.979379
1967 1803 50.685304
1976 1809 36.152455
1977 1810 65.969690
1978 1807 92.368826
1979 1808 57.671483
1980 1812 99.080775
1983 1821 64.876806
1993 1826 57.436922
1997 1831 53.814496
2009 1840 31.352831
2013 1852 56.488937
2024 1860 95.619036
2032 1873 47.138095
2041 1887 76.105190
2049 1893 58.111961
2050 1894 80.857900
2063 1908 71.603073
2066 1909 65.000000
2069 1915 73.259812
2083 1934 59.363288
2084 1937 56.000000
2094 1947 66.595796
2096 1958 73.641021
2098 1959 47.391982
2099 1961 92.217135
2100 1963 55.063600
2105 1965 86.400231
2110 1978 52.278102
2114 1981 86.596767
2130 2001 73.389373
2139 2005 34.014703
2147 2009 81.761849
2151 2016 33.120990
2158 2027 38.509739
2159 2028 29.546573
2165 2026 80.919713
2166 2030 44.575778
2174 2036 44.011362
2175 2037 41.761226
2178 2040 68.883960
2179 2041 55.821143
2180 2042 45.508241
2191 2051 41.121770
2194 2050 86.353923
2195 2055 91.000000
2196 2056 66.678332
2198 2054 34.842503
2205 2064 83.276647
2215 2081 92.325511
2220 2085 57.332364
2221 2091 99.463561
2223 2093 91.301698
2225 2092 58.770741
2233 2098 97.948966
2234 2096 35.298725
2236 2103 47.244047
2247 2113 67.216070
2248 2116 45.321077
2255 2132 34.655447
2258 2131 94.741754
2261 2134 95.215545
2267 2133 87.891979
2268 2142 70.028566
2270 2139 40.706265
2274 2144 32.649655
2275 2152 33.941125
2276 2146 91.043945
2281 2160 64.140471
2282 2161 53.244718
2287 2155 37.603191
2295 2177 61.708994
2314 2199 58.574739
2327 2212 61.180062
2328 2214 46.829478
2330 2208 68.373972
2331 2209 32.218007
2342 2226 98.914104
2344 2231 67.067131
2349 2234 61.870833
2361 2240 36.386811
2362 2241 45.276926
2374 2252 32.557641
2384 2258 27.110883
2385 2264 63.686733
2386 2259 47.296934
2387 2271 44.710178
2388 2268 44.328321
2389 2269 66.249528
2392 2276 58.694122
2408 2286 94.180677
2409 2287 44.631827
2416 2290 50.705029
2422 2293 54.945427
2427 2301 68.971008
2430 2299 42.367440
2441 2318 98.219143
2444 2326 90.647670
2454 2329 83.132424
2456 2331 47.074409
2457 1485 74.625733
2487 2345 65.764732
2493 2348 78.866977
2497 2352 92.714616
2527 2363 90.122139
2533 2369 55.326305
2534 2372 55.099909
2539 2370 48.662100
2540 2373 61.725197
2552 2380 93.882906
2556 2384 97.846819
2573 2388 65.764732
2576 2390 84.964699
2601 2392 45.508241
2602 2393 69.742383
