779
0 0 1.968736
2 2928 1.609191
3 2898 4.028329
4 2884 2.368145
5 1972 4.090088
6 2885 1.209600
7 1591 3.239989
8 435 3.066608
10 3 2.147146
11 190 4.302891
17 15 4.661598
21 2878 4.790282
22 2928 4.749045
23 208 2.908475
26 14 4.023644
27 10 2.218382
29 469 3.873290
30 770 4.332580
33 140 4.392639
34 13 4.213945
35 333 4.607329
36 1642 4.978469
39 1830 3.283154
41 2867 3.041358
42 2817 3.942007
50 2893 3.530013
51 2851 4.403785
56 24 2.968654
57 1642 3.734946
58 833 4.215418
60 2857 3.577146
66 29 3.781343
67 557 4.151024
73 27 1.565664
74 2910 3.150314
79 1641 4.751162
81 2881 1.570981
82 2911 3.983243
88 1096 3.050871
90 1325 3.024436
91 2864 4.610113
96 58 4.260347
97 300 3.105668
98 557 4.097302
100 29 3.740699
104 1604 4.626021
105 1339 4.574759
114 253 4.208576
115 811 3.857408
125 729 4.780547
126 58 2.525811
136 2781 4.494679
140 343 4.339864
141 2878 4.860597
153 57 1.396612
154 1604 4.194784
158 2898 2.925708
159 613 4.170011
164 61 2.285158
165 2471 4.909069
175 64 2.526929
176 2338 4.729790
177 2830 4.317740
178 2105 4.103915
183 67 3.060888
184 257 4.218128
186 943 4.725387
190 2738 4.791290
192 66 4.294578
194 2915 2.650902
205 304 4.569061
206 1096 4.990475
210 1479 4.627631
211 78 3.080075
213 2357 4.784113
214 2903 4.789183
222 82 4.204301
224 2931 3.095456
228 860 4.684160
230 943 4.618803
234 469 4.641888
241 2880 4.795105
242 2864 4.846244
248 92 4.486541
249 106 4.685115
250 1277 2.783703
253 90 4.746200
254 91 4.091777
270 2910 3.845746
271 97 1.222672
275 572 4.777328
276 485 4.428353
281 95 3.224524
286 2916 4.409387
289 2123 4.385284
296 2231 4.308417
297 1568 4.597018
300 602 4.152577
301 22 3.869818
307 1020 2.641137
313 121 1.590528
314 694 4.750908
326 927 4.140327
329 343 4.454907
331 260 4.985181
340 140 4.167056
345 135 3.606993
349 139 1.340068
355 2867 4.255281
356 1343 4.482017
362 274 2.240774
363 2927 2.809380
365 2898 4.817395
371 913 4.987139
372 2275 4.550402
377 147 3.224613
381 150 2.252993
390 156 3.060627
391 161 4.297924
393 2847 4.509854
398 160 1.294885
406 2916 3.042401
420 10 4.737640
445 189 1.800375
446 57 4.748102
447 437 4.967725
448 2924 2.844524
449 2875 3.342651
457 188 4.945692
458 194 4.642601
473 205 4.401313
474 15 4.758808
475 212 4.368700
485 285 4.275666
492 209 3.305869
500 2846 3.708367
501 217 4.842770
514 236 3.894516
520 15 4.819290
522 22 4.842907
528 234 3.914786
532 2868 4.248004
535 1642 4.894576
536 927 4.818562
545 2877 4.217441
552 245 1.988026
562 18 3.715807
573 2898 4.646657
575 2877 3.895975
577 770 4.559425
579 281 1.682595
583 1642 4.762561
589 2925 2.064078
594 276 0.704909
595 277 4.364040
598 2880 2.878924
611 1664 4.855952
614 58 4.941634
615 2909 4.307319
620 2877 3.657025
625 140 4.371839
627 2835 4.643312
633 299 4.117530
642 335 1.781113
646 318 4.791306
663 300 4.731498
664 334 1.319103
665 1383 4.614373
667 2912 4.542751
673 2916 4.781927
674 340 1.805171
677 351 2.578066
678 2922 4.313788
679 29 4.459086
682 2924 3.064510
687 2462 4.866998
689 362 1.276223
695 370 1.350201
697 1277 3.380774
699 2878 3.027060
700 2870 3.708364
706 367 4.569340
707 378 0.395808
714 15 4.397598
715 377 4.877824
724 343 4.717297
728 386 1.388412
730 398 0.597228
731 399 4.394860
732 400 2.650203
733 1339 4.721678
738 25 4.115584
743 412 4.859181
749 411 4.383997
750 2120 3.760170
752 332 2.202983
753 2625 3.715269
755 420 1.368636
759 2327 4.764020
763 788 4.976089
764 257 3.440958
765 427 4.814674
767 2929 3.152276
772 1642 4.162763
773 140 4.372992
776 444 0.706974
784 81 4.702822
786 462 3.955403
787 2195 3.696316
788 2901 3.036804
789 2851 4.750168
792 2338 4.332613
796 460 4.402324
797 1592 3.051492
799 2816 4.447321
804 2911 4.366990
806 474 3.466575
808 2195 3.790986
811 2120 4.280859
814 409 4.782435
815 473 2.889704
816 18 3.472694
820 2931 4.178304
827 38 4.968722
837 343 4.412431
838 379 4.856277
847 521 3.203414
849 524 3.867925
862 1930 3.908200
870 812 4.775924
871 363 3.916860
872 469 4.225841
874 2898 3.181006
881 529 4.219793
882 540 2.946939
883 541 1.185283
884 542 3.918114
887 2372 4.994554
891 558 0.639448
892 559 4.528922
893 560 4.208771
894 2883 1.150282
898 67 4.707513
900 557 2.874036
901 2073 4.032978
902 573 1.386792
908 430 3.735157
909 570 3.005274
911 1096 3.384829
919 578 2.315507
920 579 2.589826
921 580 2.582671
922 581 1.657302
925 595 3.966691
926 2360 4.349267
933 605 3.383578
934 606 1.117418
940 2641 4.137368
943 6 4.950884
944 788 4.882609
945 2903 4.269034
954 343 4.490864
956 614 2.480002
958 591 4.398004
961 643 1.755055
962 2862 3.842318
965 2851 3.919493
971 636 3.559393
975 667 3.648016
976 2919 1.812470
982 653 1.964386
988 677 3.514752
1003 686 0.641029
1004 687 0.769057
1014 2913 3.764390
1015 1795 4.507964
1016 696 4.553713
1017 697 1.792856
1020 208 2.114355
1025 2360 4.780949
1029 720 4.408789
1044 737 4.990204
1055 731 2.859705
1057 733 0.851896
1058 748 1.915942
1065 746 1.230992
1069 754 3.907127
1070 409 4.829550
1076 766 1.442312
1081 763 4.672211
1093 1568 4.834927
1094 938 4.387946
1099 792 4.639844
1100 793 2.193461
1103 785 1.307018
1112 788 1.627479
1118 2161 3.807274
1126 812 1.793813
1129 2359 4.185313
1139 2821 4.586984
1141 1592 4.330537
1142 835 4.178430
1153 852 2.805153
1163 860 2.159103
1170 2860 3.785532
1179 1664 4.237556
1180 2120 4.247906
1185 876 3.116059
1196 898 2.481869
1197 2846 4.145259
1204 363 4.306650
1205 896 2.937902
1206 784 4.595383
1213 906 2.726153
1214 908 4.523541
1218 2907 1.787898
1224 917 4.086902
1225 918 2.937971
1233 928 2.819656
1235 930 0.577428
1248 944 0.735280
1249 946 4.280945
1257 969 3.835730
1263 363 4.899400
1264 966 0.815285
1266 978 1.997371
1268 612 2.242198
1274 977 3.264570
1281 2906 4.701613
1293 998 4.419036
1307 2123 4.130761
1311 1022 2.282766
1314 1025 1.950747
1316 2794 4.102781
1321 1037 3.995359
1325 833 3.274011
1331 1339 4.928731
1336 2260 3.142350
1355 409 4.092492
1356 2856 3.573853
1357 2874 3.881251
1366 2828 4.512874
1378 1111 4.539825
1387 1106 2.016919
1388 2119 4.708679
1389 1108 2.731277
1393 2877 3.084056
1394 2860 3.884416
1399 1120 3.562227
1409 1129 3.626444
1416 600 3.993436
1442 2807 4.895762
1443 2918 2.005769
1444 2878 4.363711
1445 1682 4.677305
1450 2446 4.826166
1455 1176 4.674491
1464 2928 1.998865
1489 2161 3.087947
1498 1217 4.815526
1500 1020 3.369550
1506 208 4.430400
1507 1229 0.914621
1509 2902 4.071295
1510 343 4.248224
1512 528 3.136696
1536 2122 3.234585
1548 595 4.959228
1549 474 4.624872
1558 2796 4.210009
1559 1279 4.772014
1561 1281 4.019206
1562 2881 4.646857
1563 1930 3.461149
1574 2327 2.752564
1592 1357 4.953043
1599 25 3.834792
1603 2218 4.214193
1605 1337 4.380187
1606 1338 3.620143
1607 1339 4.964855
1608 2854 3.128343
1616 2870 2.714170
1632 1360 3.344527
1635 2880 3.246305
1645 1973 4.625733
1654 2120 4.637214
1665 2821 4.486241
1671 208 2.997861
1681 2809 4.808547
1687 1419 2.039851
1694 2327 4.701330
1714 1440 1.808692
1715 2916 3.486349
1725 1448 2.030181
1727 602 4.499524
1735 1458 1.969343
1743 1466 2.663824
1746 2856 3.677514
1753 2707 4.713464
1754 1480 1.546580
1755 1719 4.760318
1769 2483 4.656920
1773 1497 4.105853
1781 1504 1.444477
1783 2907 2.859506
1784 1119 3.961622
1800 1519 4.085121
1801 1520 1.663785
1821 1537 2.849171
1827 1274 4.846753
1830 2706 4.356035
1848 2856 4.039665
1856 409 3.723328
1857 2909 3.473247
1864 2853 3.877536
1872 1595 3.643805
1875 2122 4.061785
1884 1605 4.135959
1890 343 4.874024
1892 274 2.412496
1903 1613 3.315320
1912 2834 4.738676
1923 1643 2.909164
1936 2846 3.548749
1937 2874 3.916433
1941 1665 2.827411
1943 1668 2.354483
1976 1690 2.244449
1990 2359 4.136474
2006 1722 3.114812
2009 1715 0.723300
2021 1724 2.402897
2038 1736 4.720912
2039 1737 2.789672
2040 602 4.171715
2043 1752 4.548007
2046 1748 4.272798
2047 2862 4.934610
2048 2161 4.517241
2049 2311 4.674001
2057 2466 3.524027
2059 2161 4.138609
2065 2877 3.788517
2067 2854 4.653759
2075 1774 4.987364
2078 1777 1.817119
2087 1591 4.046692
2088 2293 4.785601
2095 1119 3.779565
2096 2830 4.493115
2097 602 4.340613
2098 2857 3.839707
2099 1508 4.350379
2104 1797 0.971979
2106 1787 2.874748
2107 1789 1.745158
2111 2161 4.691390
2119 1591 3.778117
2121 2338 4.901868
2124 528 4.586038
2128 1813 2.368462
2133 2746 4.168559
2134 2866 3.911817
2137 2231 4.520183
2138 437 4.517504
2141 1840 4.949931
2146 2849 4.238230
2148 770 4.320616
2149 811 3.972236
2151 1849 3.613303
2155 1836 4.956586
2156 2120 4.415022
2157 2762 4.579902
2158 25 4.276732
2159 2912 3.328120
2160 1508 4.759632
2161 2864 4.453503
2174 2231 4.270942
2175 208 3.436949
2176 2924 3.658059
2177 2360 3.458288
2178 2876 3.852287
2183 2831 4.544508
2184 612 2.604524
2185 2876 4.664134
2186 2858 3.903179
2188 1880 4.639069
2190 1872 1.950014
2194 307 3.541466
2198 2903 3.604759
2199 2913 2.760711
2205 2359 3.884110
2206 2684 2.987656
2207 1592 3.492420
2213 1901 4.737866
2218 1642 2.540177
2219 2849 3.349590
2220 612 2.930180
2227 1926 4.917194
2232 1906 4.078047
2233 2828 3.867308
2234 2360 3.464665
2235 2849 2.778450
2236 2878 3.704772
2237 257 4.664619
2239 1932 4.959634
2242 2360 3.282782
2243 2123 2.633470
2244 2849 3.389839
2245 2122 2.340114
2248 1940 1.457388
2254 2105 4.446595
2255 2880 4.657611
2259 2857 4.053769
2260 2327 3.405693
2261 2887 3.052058
2266 1325 2.874829
2277 1940 4.821326
2278 1975 2.313267
2280 2218 4.883010
2281 2540 3.655627
2282 25 3.113768
2285 2883 4.131573
2287 2218 2.755889
2294 2885 3.026656
2295 39 4.938997
2296 2862 4.739933
2303 769 4.879455
2304 2927 2.990203
2314 2007 4.777185
2319 2218 3.576210
2320 1921 4.370095
2324 2021 4.189379
2328 2231 4.170604
2329 1277 3.692327
2334 2888 3.945025
2335 1921 3.866239
2340 2917 4.803370
2348 140 3.860099
2349 2357 4.660502
2353 2046 4.793667
2369 2066 2.126635
2370 426 4.564688
2371 485 4.965758
2372 2338 3.632674
2382 2706 3.586655
2387 2360 2.957989
2394 2746 3.205656
2395 2882 3.967765
2397 2110 2.188023
2400 2928 2.420105
2401 2130 4.310298
2405 2360 3.321694
2406 2546 4.231708
2413 2121 4.885856
2421 2143 1.713133
2434 2871 3.848591
2439 2189 4.239439
2445 140 2.332762
2446 2912 2.879757
2448 2196 3.225417
2452 2847 4.133913
2463 2192 2.968627
2468 2223 4.524592
2479 274 2.363736
2480 6 3.591212
2485 2234 2.499847
2496 2268 3.486581
2507 2258 4.275381
2513 2240 4.440775
2519 2273 3.478937
2526 2327 3.166036
2532 2287 0.921321
2534 2880 3.226976
2540 2302 4.879080
2541 811 4.382488
2544 2320 4.104420
2548 2306 4.609246
2549 1715 4.476952
2555 140 2.515931
2560 2360 4.788602
2561 2412 3.770391
2562 2362 4.038894
2564 2349 4.265447
2571 1245 4.778614
2574 2388 2.055388
2577 2370 2.672685
2580 600 3.472373
2581 400 3.433362
2582 2654 4.648665
2586 2119 3.242238
2587 2402 3.046398
2588 409 4.283806
2591 2409 1.838284
2598 274 2.895112
2600 1973 4.478830
2601 2426 2.650937
2602 602 4.503760
2604 331 4.766458
2607 2439 1.776508
2614 2441 1.237381
2619 2029 3.771716
2621 1096 3.133544
2624 2458 3.817538
2626 2471 2.047450
2628 2460 0.882321
2633 1005 4.966816
2635 2794 4.228566
2636 927 4.692851
2637 2483 1.790527
2640 2231 4.391873
2641 2684 3.572299
2642 2493 2.423280
2648 2484 1.597750
2651 2821 4.446389
2654 2502 3.682511
2660 558 3.787365
2663 274 3.852872
2667 2850 4.635129
2668 2528 1.982514
2669 2762 4.063261
2673 2517 0.746612
2676 992 4.554121
2683 2875 4.578024
2686 2123 4.251155
2687 1728 4.934894
2688 2562 0.385120
2689 2549 3.333551
2692 2545 4.050399
2695 2552 1.996184
2696 2553 2.333819
2697 2877 4.267707
2698 2598 3.824586
2699 2571 1.926284
2700 2572 2.627215
2702 2563 4.541058
2708 2581 1.480920
2712 409 2.622580
2713 98 4.941967
2714 2592 1.278300
2717 2575 4.339423
2721 2889 3.968952
2724 2605 4.109304
2725 2856 4.920306
2734 2878 4.492689
2735 2360 3.499425
2736 2712 3.099036
2738 2607 2.129453
2739 2119 4.139503
2741 257 4.133531
2749 2626 2.851235
2751 2904 2.992307
2755 2627 1.592071
2756 2684 3.563053
2757 1996 4.125522
2758 2654 4.288435
2761 2471 3.999131
2769 2648 4.578022
2770 2849 4.964489
2772 858 4.678168
2773 25 4.627701
2774 2346 4.525434
2775 437 3.544340
2776 2874 3.816035
2779 2659 2.395368
2780 435 3.328351
2782 2571 4.340378
2785 2471 4.379831
2786 1210 4.528325
2789 2685 2.757928
2790 2687 4.276899
2791 2686 1.056315
2792 2346 3.670063
2793 833 4.124855
2794 2696 2.636587
2795 2691 3.894050
2798 2674 1.911011
2799 330 4.705038
2800 2697 2.038411
2802 2614 2.936379
2803 2713 1.793364
2811 2802 3.929099
2813 1573 4.553609
2817 2737 1.094189
2818 2734 3.853753
2820 1212 4.487326
2821 2712 2.856857
2822 2735 2.044636
2824 2483 2.700065
2825 2738 2.196672
2826 2756 4.887917
2828 2748 2.452502
2832 2534 4.444655
2833 2743 3.221553
2834 2747 2.337008
2835 2122 4.215705
2837 2755 4.080503
2840 2922 4.176956
2841 2757 1.340695
2843 600 3.457867
2848 2656 4.671022
2849 2836 4.981286
2850 2785 4.199394
2851 2780 4.520489
2852 2781 4.002950
2854 285 4.349205
2855 2928 2.018663
2856 2781 3.600687
2859 2670 3.272583
2861 2801 4.023156
2862 1996 4.701012
2863 2471 4.579215
2864 2762 4.792586
2865 2826 4.546842
2866 2794 3.183236
2870 1343 4.463411
2871 2812 3.622624
2872 2805 3.789198
2874 2903 2.971755
2875 2812 3.396588
2876 2816 3.787923
2877 2807 1.804417
2880 2826 3.539139
2881 2816 4.679606
2882 2706 4.719620
2885 2839 3.561229
2886 2845 4.883236
2887 2839 2.538275
2888 2846 3.909596
2890 2360 2.927376
2891 409 3.965654
2892 2836 4.722418
2893 2850 4.513815
2894 2840 4.042868
2895 2839 3.380735
2896 2854 3.355942
2897 2860 4.444749
2898 2862 2.080104
2899 2857 3.522664
2900 538 3.591728
2902 2863 2.877432
2903 2519 4.488610
2904 1119 4.352521
2905 2863 3.683513
2906 2876 1.985331
2907 1642 3.861618
2908 2862 4.228498
2909 2195 4.581877
2910 2899 4.523562
2911 2931 2.431394
2912 208 2.859367
2913 2927 1.987681
2914 2889 4.020559
2915 2903 2.788198
2916 2888 2.266862
2917 2880 1.647343
2918 2901 2.686213
2919 2907 2.098986
2920 2891 0.672830
2921 2913 2.094866
2922 2913 2.070821
2923 2900 1.596494
2924 2895 1.427938
2925 2912 1.432515
2926 2910 1.998674
2927 2900 1.650305
2928 2909 1.974767
2929 2928 1.675376
2930 2883 1.361874
2931 2920 1.681363
2932 2880 2.741894
2933 2885 1.695313
2934 2883 0.605283
2935 2918 1.694400
2936 1020 4.597591
2937 2119 3.657247
2938 2120 3.913597
2939 2931 2.698743
