2610
1 116 297.900990
2 27 344.502540
3 3 214.967439
4 6 255.033331
5 4 246.734675
6 2 280.535203
7 13 224.334572
8 27 262.293728
9 860 293.552380
10 1500 317.439758
11 2361 322.750678
12 1869 284.207671
13 11 149.776500
14 2114 253.181753
15 12 55.063600
16 74 203.430578
17 860 288.353949
18 1145 346.466449
19 13 67.149088
20 1009 256.709953
21 22 102.562176
22 14 51.117512
23 1844 310.475442
24 1583 324.268407
25 1869 252.978260
26 18 62.032250
27 121 198.861761
28 28 163.104261
29 2320 193.328736
30 20 44.170126
31 21 72.732386
32 24 87.097646
33 1612 341.099692
34 25 37.255872
35 566 302.846496
36 121 161.567323
37 1919 372.169316
38 73 181.449718
39 29 48.145612
40 49 170.188131
41 1297 321.295814
42 1636 297.363414
43 2037 297.644083
44 1976 301.824452
45 2347 301.419973
46 1465 280.310542
47 745 339.798470
48 34 137.600872
49 102 318.325305
50 37 64.288413
51 38 58.574739
52 41 77.678826
53 42 63.237647
54 121 152.685952
55 43 56.008928
56 44 62.617889
57 2171 335.026865
58 1112 220.431395
59 26 329.637680
60 45 172.725215
61 1041 315.371210
62 1040 293.044365
63 46 57.227616
64 47 54.323107
65 48 87.549986
66 49 68.315445
67 50 36.469165
68 51 64.521314
69 2338 308.012987
70 54 28.071338
71 56 22.293497
72 57 38.301436
73 2354 314.664901
74 59 61.220911
75 94 280.041068
76 2208 249.539576
77 63 128.156155
78 64 79.780950
79 66 90.177603
80 67 31.240999
81 1715 276.056154
82 102 308.439621
83 106 101.582479
84 1180 306.550159
85 70 64.319515
86 196 218.876678
87 2180 321.260019
88 78 70.042844
89 1476 265.495763
90 80 32.465366
91 81 227.536810
92 82 227.052857
93 88 56.151581
94 1141 300.888684
95 92 50.606324
96 138 265.363901
97 2276 343.246267
98 146 219.020547
99 94 155.325465
100 95 246.359493
101 2393 291.945200
102 1819 276.716461
103 1110 310.035482
104 1737 241.418723
105 116 278.808178
106 1558 253.339693
107 97 156.092921
108 375 247.139637
109 102 86.579443
110 105 101.483989
111 1148 276.334942
112 74 266.056385
113 263 319.162968
114 1289 262.806012
115 110 44.147480
116 111 173.559788
117 113 155.061278
118 114 55.290144
119 295 250.547401
120 115 157.838525
121 75 96.943282
122 1688 299.491235
123 117 151.617941
124 118 44.474712
125 119 68.614867
126 120 111.224997
127 123 121.416638
128 2090 340.506975
129 1379 337.277334
130 1561 343.051017
131 125 54.009258
132 1603 332.861833
133 1600 318.372423
134 1271 324.094122
135 299 329.186877
136 1705 291.854416
137 420 324.821489
138 421 314.577494
139 313 255.931631
140 133 231.613903
141 1406 270.473659
142 1258 342.932938
143 203 107.280007
144 1626 280.230262
145 1994 310.417461
146 858 306.683876
147 2101 316.516982
148 207 140.477756
149 215 334.291789
150 139 76.668116
151 140 68.614867
152 876 288.457969
153 1046 297.457560
154 2263 317.951254
155 2262 310.538242
156 1894 310.433568
157 933 343.502547
158 145 19.697716
159 147 34.669872
160 148 56.160484
161 152 90.371456
162 153 51.990384
163 157 53.842363
164 2210 295.093206
165 159 114.000000
166 160 78.866977
167 94 136.077184
168 161 52.554733
169 162 62.201286
170 164 47.486840
171 1752 269.317656
172 135 232.839000
173 415 334.403947
174 128 277.468917
175 100 99.005050
176 101 81.473922
177 99 191.253758
178 169 134.178985
179 1611 278.307384
180 409 338.647309
181 429 281.920201
182 584 249.929990
183 691 295.978040
184 691 272.192946
185 2388 280.419329
186 754 250.323790
187 686 289.124541
188 1690 353.829055
189 647 321.454507
190 1218 306.559945
191 679 283.563044
192 1619 320.090612
193 252 316.965298
194 1462 324.993846
195 213 360.068049
196 172 24.535688
197 175 30.512293
198 176 19.798990
199 177 73.088987
200 268 137.633571
201 178 36.318040
202 113 183.232093
203 180 37.054015
204 182 19.287302
205 183 38.948684
206 186 116.905945
207 279 264.535442
208 187 38.897301
209 1737 290.168916
210 14 207.234167
211 1814 264.418229
212 189 27.838822
213 119 101.074230
214 120 87.880601
215 192 201.101964
216 190 57.784081
217 191 125.055987
218 790 305.158975
219 1596 276.958481
220 193 218.045867
221 1062 337.840199
222 194 35.440090
223 195 64.815122
224 1644 319.282007
225 197 28.618176
226 666 277.001805
227 1697 277.656262
228 313 274.346496
229 201 69.720872
230 202 33.704599
231 1223 318.226335
232 2273 283.316078
233 2054 265.154672
234 1258 338.094661
235 203 24.166092
236 1298 336.056543
237 696 258.638744
238 1561 294.586150
239 207 26.532998
240 209 23.895606
241 210 74.155243
242 2316 260.086524
243 214 51.429563
244 1996 354.489774
245 144 135.251617
246 773 327.265947
247 219 25.019992
248 220 41.303753
249 221 61.473572
250 224 85.064681
251 226 93.316665
252 153 125.123939
253 82 325.657796
254 232 39.661064
255 230 22.000000
256 231 16.309506
257 360 132.977442
258 233 64.498062
259 1145 291.357169
260 237 32.078030
261 238 35.944402
262 239 34.058773
263 2025 329.578519
264 1097 291.158033
265 249 63.150614
266 2291 306.980455
267 385 183.564702
268 388 294.198912
269 388 267.478971
270 111 305.826748
271 359 355.378671
272 1141 356.492637
273 1212 326.470519
274 1228 291.286800
275 1716 331.220470
276 1649 369.781016
277 2260 364.481824
278 1103 312.523599
279 596 246.967609
280 1073 298.815997
281 2209 260.464969
282 255 53.879495
283 76 311.629588
284 1817 366.113370
285 256 32.802439
286 469 301.176028
287 275 349.472460
288 257 74.939976
289 902 317.036276
290 1619 301.844331
291 66 317.562592
292 258 73.986485
293 1895 335.632239
294 2208 285.171878
295 24 292.027396
296 589 292.272133
297 631 160.399501
298 1482 345.231806
299 301 316.993691
300 259 58.154965
301 260 79.974996
302 262 73.314391
303 263 52.497619
304 35 287.635186
305 265 38.587563
306 266 44.418465
307 1289 244.983673
308 269 90.027773
309 2142 278.354091
310 268 306.972311
311 1608 322.899365
312 270 34.044089
313 271 55.470713
314 272 62.880840
315 274 90.410176
316 179 146.570802
317 437 107.401117
318 1045 340.004412
319 278 101.474135
320 1221 352.376219
321 1778 271.602651
322 280 135.014814
323 1698 357.405932
324 282 233.709221
325 284 55.027266
326 285 78.192071
327 286 58.309519
328 287 175.408096
329 2239 287.911445
330 290 35.425979
331 690 328.344331
332 2183 357.786249
333 953 268.728488
334 294 32.634338
335 1338 328.586366
336 1198 303.907881
337 297 77.620873
338 1944 294.806716
339 1842 288.816551
340 223 317.787665
341 944 311.578241
342 2043 328.879917
343 219 317.420856
344 198 208.588111
345 303 70.844901
346 2073 254.163333
347 1172 282.361470
348 306 89.016852
349 307 44.124823
350 308 34.525353
351 2032 328.925523
352 1852 282.276460
353 310 71.951372
354 314 41.593269
355 315 72.041655
356 316 74.182208
357 85 325.501152
358 320 40.938979
359 321 32.634338
360 322 66.625821
361 1675 335.980654
362 713 316.678070
363 1177 338.087267
364 324 46.216880
365 327 42.953463
366 328 38.379682
367 208 94.085068
368 1179 335.369945
369 594 352.330810
370 337 75.312682
371 338 57.148928
372 213 72.780492
373 339 106.075445
374 340 59.354865
375 342 83.246622
376 343 60.893349
377 344 39.686270
378 2118 300.975082
379 270 298.268336
380 1716 317.642881
381 776 269.699833
382 1129 282.444685
383 348 43.485630
384 1070 330.133306
385 354 63.182276
386 355 56.964901
387 357 71.533209
388 359 20.024984
389 717 257.025291
390 464 289.844786
391 362 19.824228
392 363 26.191602
393 365 20.074860
394 1967 349.511087
395 1962 292.554268
396 372 29.765752
397 373 31.937439
398 1381 269.287950
399 240 109.549076
400 1614 306.444122
401 135 278.269653
402 1406 277.382408
403 1415 202.311641
404 1345 336.594712
405 1844 297.639043
406 599 74.464757
407 1900 343.361326
408 137 360.606434
409 382 16.643317
410 383 30.397368
411 381 55.090834
412 2117 317.858459
413 388 26.419690
414 611 119.235062
415 387 38.948684
416 1860 301.622280
417 389 24.939928
418 390 27.964263
419 658 327.359130
420 399 267.738679
421 2021 228.582589
422 323 307.798635
423 392 47.095647
424 417 262.638535
425 394 50.487622
426 396 59.354865
427 2393 272.001838
428 1224 358.531728
429 1968 260.126892
430 1378 349.907131
431 2142 298.053686
432 398 33.615473
433 624 126.601738
434 709 304.294265
435 275 327.917673
436 66 312.536398
437 620 279.621172
438 1230 307.319052
439 1452 290.900327
440 461 328.033535
441 1241 289.143563
442 1836 275.070900
443 1015 292.381600
444 947 314.262629
445 353 227.648852
446 2293 274.054739
447 1841 329.975757
448 400 128.771115
449 1579 284.314966
450 384 321.158839
451 1853 336.407491
452 641 201.208847
453 407 103.918237
454 408 62.217361
455 411 83.809307
456 412 106.353185
457 59 301.721726
458 413 210.826943
459 2117 306.910410
460 1569 314.872990
461 416 55.009090
462 417 15.132746
463 418 38.457769
464 419 50.109879
465 420 54.286278
466 421 85.363927
467 423 93.354164
468 422 54.763126
469 427 64.210591
470 428 139.301831
471 1063 241.329650
472 430 153.319927
473 431 41.231056
474 432 178.907797
475 438 39.230090
476 436 88.588938
477 27 176.889796
478 680 221.241949
479 442 23.021729
480 176 281.092511
481 450 66.294796
482 451 45.705580
483 447 22.516660
484 448 70.334913
485 452 139.484766
486 699 166.793285
487 1935 313.411870
488 454 117.588265
489 455 52.086467
490 456 29.427878
491 121 233.846103
492 461 96.046864
493 462 129.522199
494 453 279.447670
495 921 331.461913
496 417 323.454788
497 1814 293.753298
498 16 266.388814
499 22 320.246780
500 566 252.416323
501 467 111.673632
502 463 47.063787
503 1895 292.532050
504 586 365.654208
505 1017 321.093444
506 1182 241.499482
507 1502 288.532494
508 469 87.584245
509 740 134.521374
510 741 163.804762
511 471 79.151753
512 472 37.443290
513 1285 344.940575
514 172 331.187258
515 474 43.703547
516 475 63.300869
517 473 45.552168
518 1377 337.269922
519 478 45.177428
520 479 87.937478
521 481 133.154046
522 480 55.605755
523 1677 273.768150
524 482 109.316056
525 483 38.131352
526 796 323.709747
527 292 279.408303
528 484 39.711459
529 486 50.279220
530 487 76.596345
531 488 32.264532
532 492 86.648716
533 772 196.720614
534 493 46.173586
535 2136 326.495023
536 1033 313.502791
537 495 76.648549
538 496 112.756375
539 499 53.814496
540 500 80.311892
541 2316 288.399029
542 1031 309.899984
543 505 52.249402
544 506 161.195533
545 507 74.101282
546 508 89.078617
547 509 124.535136
548 510 50.842895
549 511 73.613857
550 512 101.788997
551 513 48.404545
552 809 161.626112
553 112 338.150854
554 1098 331.838816
555 516 115.620067
556 1416 296.597370
557 1156 296.317397
558 2223 292.733667
559 1887 304.629283
560 1680 309.410730
561 487 360.763080
562 1900 323.905851
563 789 308.677826
564 1257 323.125363
565 523 93.332738
566 1639 296.486087
567 833 105.683490
568 834 103.956722
569 2127 363.692178
570 1058 280.126757
571 2237 307.821377
572 844 163.874952
573 526 85.796270
574 2117 303.036301
575 933 342.871696
576 1924 313.012779
577 1018 342.908151
578 323 308.507698
579 530 128.794410
580 532 66.257075
581 2068 334.997015
582 1691 351.519558
583 646 344.247004
584 2110 308.846240
585 533 22.383029
586 534 69.921384
587 535 109.562767
588 298 272.616947
589 671 321.802735
590 276 316.853278
591 334 286.089147
592 1948 282.634039
593 933 359.552500
594 540 105.669295
595 539 135.882302
596 1353 329.232441
597 549 27.202941
598 878 90.724859
599 879 112.249722
600 546 264.049238
601 547 264.962261
602 552 79.183332
603 553 91.651514
604 559 34.452866
605 2069 343.370063
606 558 89.414764
607 596 327.152869
608 565 91.918442
609 353 140.705366
610 525 306.750713
611 1540 309.265258
612 1194 315.380722
613 569 70.398864
614 1191 320.156212
615 571 60.099917
616 573 49.173163
617 186 314.243536
618 688 316.202467
619 702 314.718922
620 572 46.195238
621 1628 309.059865
622 1963 315.749901
623 2320 261.024903
624 480 303.265560
625 718 317.856886
626 366 129.603241
627 367 99.639350
628 368 125.765655
629 369 142.411376
630 2354 352.286815
631 576 73.586684
632 1142 302.253205
633 75 317.745181
634 577 52.516664
635 666 306.983713
636 1870 292.779781
637 579 47.222876
638 1347 307.288138
639 1837 304.430616
640 375 65.092242
641 377 295.589242
642 376 273.983576
643 121 215.555097
644 276 322.034160
645 292 318.604771
646 584 29.748950
647 587 116.563288
648 590 20.024984
649 591 50.378567
650 598 234.706199
651 597 54.359912
652 1998 329.267369
653 1363 318.125761
654 1007 315.555067
655 957 84.023806
656 604 43.278170
657 605 15.231546
658 626 303.056100
659 606 44.977772
660 609 28.337255
661 517 297.252418
662 2054 232.292919
663 965 92.190021
664 1739 338.285382
665 566 300.101649
666 612 51.107729
667 613 38.196859
668 1416 343.569498
669 1715 295.186382
670 1184 267.117951
671 2107 315.345842
672 565 320.089050
673 2013 307.949671
674 611 297.507983
675 2335 295.907080
676 247 352.071016
677 2049 299.173862
678 645 336.726892
679 2120 322.226628
680 801 337.167614
681 618 33.000000
682 557 285.986014
683 2172 319.042317
684 997 175.305448
685 2281 322.063658
686 1216 338.679790
687 1998 312.049676
688 537 307.164451
689 1329 342.647049
690 811 333.701963
691 1087 321.144827
692 876 287.410856
693 802 315.732482
694 623 56.815491
695 886 373.685697
696 2248 314.976190
697 1842 323.298624
698 2118 325.013846
699 681 322.065211
700 1844 349.446706
701 628 54.101756
702 626 98.823074
703 629 79.221209
704 630 108.577162
705 301 322.541470
706 593 335.690333
707 1463 289.050169
708 2092 316.684385
709 965 359.883314
710 1092 363.945051
711 1823 321.298926
712 1289 356.306048
713 50 335.553274
714 811 339.260962
715 910 303.344688
716 911 301.313790
717 948 337.332180
718 1002 339.568844
719 867 294.866071
720 632 78.096095
721 988 349.651255
722 1089 352.634372
723 291 335.320742
724 633 119.536605
725 404 223.776674
726 405 146.342065
727 641 113.679374
728 640 113.833211
729 643 39.534795
730 647 41.533119
731 1038 143.774128
732 649 322.705748
733 650 27.349589
734 651 35.916570
735 653 121.692235
736 655 50.139805
737 654 15.132746
738 656 62.841069
739 658 42.284749
740 657 125.247754
741 659 61.049161
742 660 62.473995
743 661 38.091994
744 1070 100.826584
745 662 32.939338
746 666 122.857641
747 1608 338.983775
748 667 42.508823
749 668 73.477888
750 670 55.991071
751 671 45.793013
752 672 192.190010
753 673 28.425341
754 675 82.975900
755 676 70.014284
756 679 88.362888
757 2317 214.515734
758 1009 204.528727
759 680 43.634848
760 681 74.953319
761 683 49.678969
762 4 348.071832
763 686 131.651054
764 1448 252.576721
765 1112 303.242477
766 691 103.720779
767 692 28.930952
768 693 48.723711
769 699 57.087652
770 700 43.162484
771 695 29.189039
772 696 45.299007
773 707 58.240879
774 703 71.756533
775 708 28.284271
776 1780 317.510630
777 709 30.380915
778 710 78.281543
779 716 78.924014
780 1366 337.272887
781 56 283.453700
782 1052 177.924141
783 714 43.600459
784 715 73.164199
785 717 59.682493
786 1133 242.769438
787 719 77.278716
788 726 62.705662
789 1166 220.954746
790 1167 218.661839
791 721 45.825757
792 728 49.376108
793 727 96.078093
794 2073 276.425397
795 1899 294.967795
796 1035 335.296883
797 2021 324.206724
798 732 107.102754
799 176 328.335195
800 464 90.890043
801 733 70.512410
802 734 98.331073
803 1678 274.069334
804 2231 324.120348
805 1182 183.670901
806 735 30.838288
807 738 49.628621
808 736 30.331502
809 210 332.822776
810 739 81.780193
811 740 44.102154
812 741 87.481427
813 716 319.405698
814 744 118.469405
815 745 35.425979
816 1186 299.923324
817 748 81.731267
818 749 92.892411
819 746 73.355300
820 747 97.483332
821 2224 353.578846
822 750 56.462377
823 751 26.457513
824 1968 316.960565
825 703 343.626250
826 743 357.260409
827 1780 312.177834
828 1023 359.961109
829 1256 349.807090
830 754 32.357379
831 1731 356.822085
832 2237 306.553421
833 728 296.260021
834 1205 129.058126
835 2389 321.763889
836 385 309.546442
837 761 46.195238
838 762 114.760620
839 526 322.176970
840 2177 330.119675
841 1336 271.977940
842 763 25.845696
843 1804 331.249151
844 764 38.613469
845 765 26.419690
846 767 173.190646
847 768 83.528438
848 490 113.260761
849 1261 310.905130
850 1224 119.958326
851 769 33.719431
852 1344 325.935576
853 519 336.034224
854 2055 316.256225
855 770 71.470274
856 771 56.929781
857 2043 310.108046
858 2095 300.650960
859 773 40.224371
860 776 252.249876
861 145 349.734185
862 775 54.827001
863 1971 370.379535
864 777 105.815878
865 780 98.848369
866 778 36.482873
867 781 23.194827
868 782 59.329588
869 703 351.122486
870 491 367.539114
871 786 72.938330
872 1688 277.209307
873 789 56.373753
874 790 41.952354
875 787 27.221315
876 788 53.842363
877 1088 294.136023
878 792 56.115951
879 794 47.286362
880 1097 354.265437
881 1899 326.208522
882 793 50.941143
883 800 90.537285
884 801 39.293765
885 1327 320.583842
886 1093 326.413848
887 804 50.149776
888 991 292.897593
889 805 279.844600
890 841 274.603350
891 758 310.956589
892 809 24.186773
893 810 110.299592
894 811 44.362146
895 814 99.433395
896 1088 315.498019
897 1876 320.940805
898 819 28.896367
899 820 41.809090
900 1124 287.419554
901 822 81.725149
902 823 29.799329
903 1287 302.483057
904 825 51.942276
905 2372 356.485624
906 827 53.591044
907 1675 331.969878
908 1900 326.475114
909 1052 317.597229
910 832 74.081037
911 833 75.006666
912 834 75.888075
913 877 277.303083
914 754 299.871639
915 686 307.193750
916 837 181.749828
917 840 44.732538
918 841 90.730370
919 838 104.364745
920 839 30.724583
921 2321 325.768323
922 844 33.823069
923 1458 302.643354
924 845 47.042534
925 2117 306.991857
926 1462 331.356304
927 1192 302.185374
928 1673 325.605590
929 848 43.588989
930 850 81.914590
931 1319 184.783657
932 854 38.457769
933 855 89.000000
934 856 74.893257
935 857 36.796739
936 858 60.737139
937 861 54.027771
938 863 39.127995
939 1688 313.293792
940 1875 300.128306
941 865 337.344038
942 864 42.367440
943 865 43.046487
944 814 347.362923
945 41 317.987421
946 485 342.445616
947 1720 345.476483
948 870 59.640590
949 1327 277.767889
950 2123 346.059243
951 872 42.332021
952 44 345.535816
953 873 33.030289
954 874 40.447497
955 878 39.140772
956 879 35.312887
957 2112 300.088320
958 1021 306.387010
959 877 72.297994
960 880 60.307545
961 1779 266.366289
962 675 323.057270
963 676 331.089112
964 1564 273.912395
965 352 283.723457
966 753 352.614520
967 885 41.424630
968 969 324.819950
969 886 48.559242
970 1960 266.003759
971 1661 321.141713
972 451 314.610871
973 1778 295.665351
974 1779 268.728488
975 888 101.400197
976 1964 355.865143
977 889 26.153394
978 560 281.760537
979 2302 377.078241
980 1544 339.134192
981 890 72.787362
982 2335 324.363993
983 898 60.174746
984 18 333.998503
985 997 322.873040
986 466 325.419729
987 903 50.477718
988 904 54.817880
989 1940 299.364327
990 905 27.459060
991 756 310.934077
992 2113 311.587869
993 908 66.715815
994 1744 310.987138
995 907 22.360680
996 912 32.372828
997 913 65.916614
998 452 274.523223
999 754 290.311901
1000 910 100.204790
1001 911 22.737634
1002 920 34.871192
1003 500 332.604871
1004 1967 359.816620
1005 1584 305.851271
1006 1778 270.649219
1007 1156 315.719812
1008 914 59.774577
1009 921 72.463784
1010 922 52.516664
1011 925 96.989690
1012 926 25.922963
1013 929 30.561414
1014 716 353.385059
1015 2371 317.094623
1016 952 340.135267
1017 935 61.975802
1018 348 306.869679
1019 1923 331.826762
1020 1618 353.328459
1021 1412 104.225717
1022 946 132.045447
1023 205 350.004286
1024 945 173.847634
1025 943 109.822584
1026 1658 341.430813
1027 209 330.458772
1028 434 269.720225
1029 490 261.114917
1030 947 57.166424
1031 347 300.457984
1032 2023 316.249901
1033 1442 161.913557
1034 1066 336.570943
1035 951 35.665109
1036 185 287.640401
1037 953 46.914816
1038 1445 108.683025
1039 1074 329.787811
1040 958 30.789609
1041 959 28.000000
1042 1939 327.748379
1043 326 325.961654
1044 960 46.786750
1045 2150 307.024429
1046 1285 278.637758
1047 966 25.592968
1048 626 302.532643
1049 2054 218.819560
1050 968 65.589633
1051 965 23.811762
1052 1346 336.358440
1053 714 315.225316
1054 970 28.407745
1055 975 63.095166
1056 1450 305.723731
1057 1893 289.599724
1058 1979 236.116497
1059 979 31.890437
1060 2132 278.901416
1061 1826 335.836270
1062 1765 284.980701
1063 703 295.281222
1064 1495 292.544014
1065 1472 56.683331
1066 1473 144.405679
1067 986 43.428102
1068 171 321.272470
1069 984 87.994318
1070 441 315.052377
1071 2327 322.834323
1072 1077 339.137140
1073 1764 334.341143
1074 987 27.276363
1075 1621 391.915807
1076 2063 319.158268
1077 990 41.856899
1078 1088 289.539289
1079 177 344.517053
1080 991 34.249088
1081 1683 342.893569
1082 1139 333.027026
1083 2157 283.626515
1084 2307 334.768577
1085 1580 315.754652
1086 957 255.315491
1087 994 40.373258
1088 1144 272.651793
1089 1565 347.656440
1090 1764 286.653100
1091 232 269.169092
1092 997 75.557925
1093 1163 327.574419
1094 996 48.938737
1095 1347 305.283475
1096 1478 320.423158
1097 1689 308.872142
1098 1698 309.961288
1099 702 270.346075
1100 701 276.380173
1101 999 71.840100
1102 1000 29.832868
1103 1493 193.904616
1104 1088 315.824318
1105 2066 341.597717
1106 1953 374.554402
1107 901 241.873934
1108 1003 34.044089
1109 771 325.238374
1110 1219 325.683896
1111 434 314.017515
1112 2214 317.201828
1113 2051 329.320513
1114 116 273.391660
1115 537 322.690254
1116 1320 314.857110
1117 519 329.751422
1118 1879 297.479411
1119 1031 307.561376
1120 2109 328.635056
1121 1958 251.503479
1122 665 327.038224
1123 1006 128.062485
1124 1007 77.129761
1125 44 279.492397
1126 1925 307.016286
1127 132 340.442359
1128 80 288.639914
1129 2384 299.784923
1130 1928 301.132861
1131 927 298.234807
1132 49 319.220927
1133 327 336.544202
1134 527 358.937320
1135 1009 49.769469
1136 1427 332.903890
1137 2025 311.871769
1138 1730 319.139468
1139 1961 315.621609
1140 1506 263.267924
1141 537 340.716891
1142 1534 252.178508
1143 925 335.410197
1144 1408 310.670243
1145 1017 284.787640
1146 1011 93.669632
1147 1437 277.488739
1148 1438 257.149762
1149 1874 351.647551
1150 2300 364.019230
1151 1403 314.038214
1152 2022 349.814236
1153 1509 215.311402
1154 1012 32.542280
1155 1513 185.561311
1156 1515 179.401784
1157 1523 212.708721
1158 637 178.524508
1159 1537 101.503695
1160 159 307.198633
1161 407 282.901043
1162 1546 191.742014
1163 1024 95.869703
1164 1022 45.607017
1165 1028 132.988721
1166 1027 122.939009
1167 1029 67.334983
1168 1033 72.601653
1169 691 287.435210
1170 1036 79.548727
1171 1037 75.179785
1172 1047 300.271544
1173 646 138.076066
1174 1040 49.527770
1175 1041 105.863119
1176 1042 75.822160
1177 1043 36.428011
1178 1044 83.162492
1179 1020 287.835022
1180 2190 291.369182
1181 1046 90.410176
1182 1047 77.427385
1183 1048 75.637292
1184 876 234.450421
1185 1638 227.466481
1186 1052 45.749317
1187 1055 88.926936
1188 1674 330.159053
1189 1594 145.182644
1190 1058 118.004237
1191 1057 32.109189
1192 1059 20.248457
1193 1063 45.858478
1194 1061 41.448764
1195 2170 291.982876
1196 418 272.677465
1197 1289 267.020598
1198 1072 63.623895
1199 1073 103.416633
1200 920 280.702690
1201 1587 287.739465
1202 74 260.099981
1203 1076 45.705580
1204 1079 35.608988
1205 23 239.069028
1206 1083 59.000000
1207 1081 48.774994
1208 1085 52.191953
1209 1086 95.524866
1210 1089 46.968074
1211 760 301.879115
1212 1093 98.091794
1213 1091 44.710178
1214 1092 64.265076
1215 1088 76.948034
1216 1094 81.430952
1217 1096 66.226883
1218 1103 58.455111
1219 1648 220.707952
1220 1100 57.192657
1221 1101 81.406388
1222 1382 312.216271
1223 1381 298.790897
1224 2280 292.953921
1225 1645 339.802884
1226 1646 328.007622
1227 678 118.684456
1228 1111 49.081565
1229 1113 30.182777
1230 1114 50.950957
1231 1661 108.078675
1232 2149 278.451073
1233 1112 235.565278
1234 1892 333.456144
1235 1662 144.305232
1236 1663 179.346034
1237 1117 33.985291
1238 2058 342.375525
1239 1670 159.543098
1240 1126 55.659680
1241 1129 71.372264
1242 1127 30.757113
1243 1131 170.478738
1244 1130 25.865034
1245 1133 23.727621
1246 1132 113.828819
1247 1689 325.998466
1248 1714 286.003496
1249 1134 29.983329
1250 954 334.169119
1251 418 298.020134
1252 417 271.536370
1253 1140 87.914731
1254 1142 41.904654
1255 1143 35.749126
1256 2025 298.946484
1257 1147 55.018179
1258 1144 124.915972
1259 1145 56.947344
1260 1149 39.924930
1261 1150 23.473389
1262 1722 168.715737
1263 1152 83.522452
1264 1151 103.198837
1265 1155 42.941821
1266 882 328.522450
1267 1156 84.504438
1268 2132 237.966384
1269 1157 50.705029
1270 1159 21.931712
1271 89 276.723689
1272 2287 298.310241
1273 1163 45.243784
1274 1164 44.124823
1275 1158 121.967209
1276 1686 283.867927
1277 1160 63.285069
1278 1165 54.735729
1279 1172 77.097341
1280 1173 42.284749
1281 1174 45.000000
1282 573 250.027998
1283 2056 364.041206
1284 1179 99.569072
1285 453 341.379554
1286 1130 225.630228
1287 2367 314.865050
1288 1672 337.735103
1289 680 313.845503
1290 2153 334.658034
1291 227 332.093360
1292 1282 338.313464
1293 1701 270.064807
1294 1183 46.733286
1295 1184 79.705709
1296 1763 140.271166
1297 1866 330.240821
1298 1244 337.736584
1299 1186 36.728735
1300 1187 56.098128
1301 195 351.447009
1302 1423 331.161592
1303 1192 144.796409
1304 1193 42.355637
1305 136 284.662959
1306 1193 311.958331
1307 1780 221.481376
1308 2185 341.007331
1309 1197 78.581168
1310 1198 34.842503
1311 1196 83.910667
1312 182 314.985714
1313 155 321.154169
1314 2077 307.634523
1315 1200 72.367120
1316 1201 56.071383
1317 1204 304.865544
1318 216 342.816277
1319 1263 319.040750
1320 1179 320.379463
1321 1216 329.323549
1322 1206 47.095647
1323 1208 40.024992
1324 1209 32.572995
1325 880 259.790300
1326 1058 312.437194
1327 1938 325.119978
1328 1211 89.872131
1329 2109 284.819241
1330 131 345.799075
1331 2156 356.134806
1332 1214 94.403390
1333 797 336.022321
1334 1818 106.770783
1335 1215 54.836119
1336 1216 123.870901
1337 1217 40.877867
1338 277 331.668509
1339 454 314.070056
1340 2257 307.317425
1341 1222 128.354977
1342 2321 305.317867
1343 719 313.740338
1344 1172 333.444148
1345 476 270.027776
1346 1226 304.203879
1347 17 285.683391
1348 16 294.565782
1349 18 347.747034
1350 1281 331.873470
1351 1083 303.692278
1352 1399 312.352365
1353 1843 179.652442
1354 1033 315.179314
1355 667 332.777704
1356 774 138.253391
1357 889 338.298685
1358 1231 108.004630
1359 2101 328.083831
1360 1232 135.454790
1361 1233 138.137613
1362 1346 312.907335
1363 2341 308.556316
1364 480 324.371700
1365 1240 72.284161
1366 1241 64.117080
1367 1239 78.759126
1368 2046 365.848329
1369 1242 57.706152
1370 804 339.403889
1371 1876 96.659195
1372 2066 332.449996
1373 1764 283.691734
1374 43 306.967425
1375 1244 81.798533
1376 1246 95.629493
1377 1247 98.091794
1378 791 184.374619
1379 1253 98.208961
1380 1254 274.197009
1381 1697 263.624733
1382 1897 88.825672
1383 2273 330.526852
1384 549 320.263954
1385 1159 311.477126
1386 1170 274.625199
1387 480 359.542765
1388 1259 88.690473
1389 1875 258.364084
1390 1527 213.550931
1391 1260 84.829240
1392 1263 29.034462
1393 1264 25.199206
1394 1265 57.280014
1395 928 326.926597
1396 809 351.264857
1397 1185 339.328749
1398 1688 308.744231
1399 1269 49.162994
1400 1156 287.155010
1401 1272 170.475805
1402 2263 362.138095
1403 1273 121.466045
1404 2358 342.473357
1405 1274 50.229473
1406 1275 86.307589
1407 1278 101.163234
1408 1279 73.177866
1409 1925 124.149104
1410 1280 84.545846
1411 1281 83.156479
1412 313 302.978547
1413 2209 298.730648
1414 1487 308.063305
1415 1283 89.168380
1416 1284 66.000000
1417 1286 41.231056
1418 1289 61.481705
1419 2197 308.843002
1420 1291 33.926391
1421 1290 92.687648
1422 492 307.538615
1423 2364 329.919687
1424 275 314.723688
1425 1293 122.556110
1426 1294 114.908659
1427 1296 137.003650
1428 1297 110.833208
1429 1295 29.883106
1430 1957 150.509136
1431 2069 295.661969
1432 1938 291.027490
1433 1364 317.520078
1434 1146 338.066561
1435 1300 50.299105
1436 394 339.935288
1437 1566 249.505511
1438 1565 248.239803
1439 2165 317.661770
1440 2037 312.797059
1441 28 338.636974
1442 76 299.936660
1443 1303 120.133259
1444 1305 331.309523
1445 2046 344.004360
1446 1304 37.775654
1447 1410 297.215410
1448 1830 318.967083
1449 1585 232.428484
1450 1386 319.857781
1451 1781 255.644284
1452 1999 282.251661
1453 1859 333.423155
1454 1307 38.470768
1455 1124 317.971697
1456 1309 96.202911
1457 1926 330.777871
1458 1526 328.790207
1459 1421 324.712180
1460 1297 294.701544
1461 840 298.011745
1462 303 293.755000
1463 1867 319.729573
1464 1313 146.478667
1465 1314 37.080992
1466 1315 42.532341
1467 1830 337.458146
1468 293 330.031817
1469 2119 348.491033
1470 868 333.761891
1471 850 207.282416
1472 1641 331.608203
1473 1926 312.467598
1474 876 324.134231
1475 1320 41.024383
1476 1505 299.409419
1477 854 239.123399
1478 855 256.785903
1479 2002 119.695447
1480 678 306.737673
1481 1065 326.671088
1482 1051 353.687715
1483 1251 292.112992
1484 417 307.275121
1485 776 297.230550
1486 2006 124.302051
1487 1328 143.499129
1488 1329 85.603738
1489 143 315.966770
1490 1119 340.261664
1491 1333 99.045444
1492 1385 304.103601
1493 1332 47.106263
1494 1335 22.181073
1495 2038 315.664379
1496 1872 351.812450
1497 1075 313.490032
1498 1614 286.914621
1499 1113 329.799939
1500 1338 69.978568
1501 1691 324.249904
1502 2056 345.159383
1503 1327 348.149393
1504 1340 29.308702
1505 1343 34.641016
1506 1344 97.313925
1507 533 337.467035
1508 2052 346.819838
1509 282 312.832223
1510 1687 298.983277
1511 1352 73.164199
1512 1393 367.047681
1513 962 370.256668
1514 2081 318.731862
1515 2082 167.910691
1516 1232 294.903374
1517 1747 326.781272
1518 1760 346.443358
1519 1834 340.368917
1520 2089 147.533047
1521 2090 131.521861
1522 2079 341.057180
1523 2241 266.319357
1524 1358 45.254834
1525 300 305.150782
1526 726 304.571831
1527 1361 51.117512
1528 1362 69.152006
1529 1360 109.708705
1530 1409 329.138269
1531 1913 307.092820
1532 1916 335.825848
1533 2023 326.090478
1534 1754 331.066459
1535 180 331.727298
1536 1373 32.863353
1537 1374 31.811947
1538 2127 281.590128
1539 1378 39.331921
1540 1381 36.783148
1541 1382 103.382784
1542 1376 89.117899
1543 1377 72.401657
1544 1379 78.358152
1545 1383 51.224994
1546 1877 316.698595
1547 2134 104.818891
1548 1265 290.726676
1549 1875 263.216641
1550 2143 96.026038
1551 2149 217.448845
1552 467 349.685573
1553 1311 317.031544
1554 1393 81.129526
1555 1394 58.514955
1556 279 248.799116
1557 1246 332.460524
1558 1398 63.490157
1559 2136 374.623811
1560 1343 336.841209
1561 1397 113.331373
1562 1403 30.000000
1563 1404 84.000000
1564 1409 107.405773
1565 1408 61.903150
1566 1414 53.879495
1567 1413 40.987803
1568 1508 286.872794
1569 1110 279.071675
1570 1146 293.240516
1571 1417 32.969683
1572 942 99.899950
1573 1799 341.584543
1574 2210 90.724859
1575 1752 273.832065
1576 1421 35.128336
1577 1422 43.474130
1578 1160 341.978069
1579 1586 314.015923
1580 776 277.447292
1581 31 320.459046
1582 1431 96.943282
1583 1203 263.298310
1584 2238 136.864897
1585 619 288.745563
1586 2127 355.540434
1587 215 315.615272
1588 748 349.180469
1589 1440 38.275318
1590 1043 301.061456
1591 1081 294.015306
1592 846 288.631253
1593 1789 339.924992
1594 1446 52.971691
1595 1413 291.513293
1596 1448 129.027129
1597 1451 27.694765
1598 2073 341.378090
1599 1450 40.521599
1600 1417 290.086194
1601 367 278.603661
1602 1452 72.560320
1603 1456 49.122296
1604 176 275.686416
1605 1458 26.076810
1606 2035 261.132150
1607 1455 68.095521
1608 955 310.893873
1609 1460 127.816274
1610 426 299.188904
1611 1018 348.258525
1612 1367 321.124586
1613 9 295.572326
1614 978 163.798657
1615 1465 45.022217
1616 1462 98.127468
1617 1461 117.800679
1618 2308 233.841827
1619 1469 39.635842
1620 304 309.872554
1621 1144 307.668653
1622 1464 268.369149
1623 2028 304.307410
1624 334 310.831144
1625 124 244.354251
1626 1470 45.033321
1627 2001 282.460617
1628 415 351.593515
1629 760 333.297165
1630 394 355.271727
1631 1702 298.107363
1632 1475 37.576588
1633 1477 33.166248
1634 1478 128.031246
1635 447 320.056245
1636 903 278.896038
1637 2350 290.645833
1638 163 261.095768
1639 1126 278.664673
1640 714 295.242273
1641 1021 265.245170
1642 941 310.509259
1643 1289 235.877087
1644 94 324.155827
1645 1480 102.766726
1646 804 269.874045
1647 695 244.337881
1648 1828 335.729057
1649 1481 155.215979
1650 63 288.731709
1651 813 324.722959
1652 785 387.865956
1653 582 321.527604
1654 1487 99.126182
1655 229 336.267750
1656 1753 342.559484
1657 2060 361.924025
1658 1662 322.176970
1659 375 265.230089
1660 1665 330.446667
1661 1488 56.080300
1662 2335 258.487911
1663 2276 293.806058
1664 922 313.062294
1665 1545 359.368891
1666 907 290.410055
1667 2161 311.730653
1668 357 312.208264
1669 1619 289.594544
1670 2141 299.091959
1671 1393 302.996700
1672 2335 285.106997
1673 1491 56.240555
1674 2351 163.633737
1675 2043 307.415029
1676 1447 341.792335
1677 394 334.478699
1678 487 354.636434
1679 2191 324.610536
1680 1494 72.208033
1681 2353 126.562238
1682 924 297.260828
1683 627 353.776766
1684 216 308.387743
1685 548 306.595825
1686 928 339.191686
1687 661 300.239904
1688 660 318.995298
1689 1495 120.577776
1690 1380 307.896086
1691 1324 315.798987
1692 1549 296.270147
1693 1520 258.907319
1694 1521 249.080308
1695 2361 168.371613
1696 1582 332.313105
1697 300 314.210121
1698 2366 214.753347
1699 78 327.568313
1700 443 312.035254
1701 299 329.511760
1702 2235 342.876071
1703 1687 321.798073
1704 1049 338.344499
1705 1084 306.081688
1706 106 366.192572
1707 1498 70.356236
1708 1157 330.551055
1709 1003 356.306048
1710 602 348.406372
1711 2375 125.167887
1712 632 361.406973
1713 1502 43.185646
1714 1503 50.388491
1715 2260 354.688596
1716 1987 302.377248
1717 800 320.331079
1718 2274 319.429178
1719 1250 317.583060
1720 359 309.413962
1721 464 304.840942
1722 2288 325.691572
1723 1505 77.698134
1724 1460 279.080634
1725 2114 242.744722
1726 2378 328.155451
1727 1860 264.389864
1728 287 294.615003
1729 1134 314.637887
1730 2203 323.263051
1731 181 237.438413
1732 419 288.456236
1733 1490 321.673748
1734 2028 332.845309
1735 356 317.063085
1736 584 255.323324
1737 2276 351.407171
1738 954 313.193231
1739 1509 32.155870
1740 2119 270.131449
1741 2207 264.247990
1742 1510 133.401649
1743 1511 29.206164
1744 2393 269.453150
1745 215 279.549638
1746 2320 289.913780
1747 1628 236.657981
1748 1512 41.448764
1749 768 278.960571
1750 1073 316.398483
1751 1519 166.913151
1752 1617 292.658504
1753 1529 147.169970
1754 1528 128.464003
1755 1533 176.751238
1756 1534 85.358069
1757 1655 277.009025
1758 28 317.523227
1759 1545 169.286739
1760 1025 226.466333
1761 1027 299.861635
1762 1552 64.436015
1763 618 275.563060
1764 1559 97.411498
1765 904 344.486574
1766 682 352.302427
1767 1557 153.261215
1768 1561 102.342562
1769 1560 69.821200
1770 1035 166.216726
1771 1566 144.079839
1772 1565 86.330759
1773 1569 74.906609
1774 1571 135.742403
1775 1572 82.127949
1776 2302 352.926338
1777 1163 314.499603
1778 1576 106.230881
1779 1577 89.078617
1780 735 310.333691
1781 1578 39.140772
1782 1579 72.069411
1783 530 358.417354
1784 1193 336.123489
1785 1840 301.802916
1786 1212 311.616752
1787 1553 313.614413
1788 1001 300.316500
1789 1596 180.773339
1790 1597 269.397476
1791 1054 121.342490
1792 1599 182.493836
1793 1590 38.483763
1794 1591 70.071392
1795 1676 313.443775
1796 1602 67.453688
1797 2240 263.892023
1798 1607 64.853681
1799 224 329.393382
1800 2171 261.667728
1801 1143 216.087945
1802 1610 42.355637
1803 1075 130.935098
1804 17 243.809352
1805 1884 302.829985
1806 1883 290.886576
1807 1626 76.183988
1808 2170 260.005769
1809 668 276.430823
1810 1628 59.016947
1811 38 314.175110
1812 574 301.031560
1813 968 202.289397
1814 38 311.964742
1815 1630 97.816154
1816 1702 314.973015
1817 1631 133.618861
1818 1132 225.450660
1819 1636 90.371456
1820 1637 154.744951
1821 1632 176.275353
1822 1635 106.887792
1823 1688 336.676402
1824 1607 254.913711
1825 230 318.951407
1826 1040 323.658771
1827 1644 107.200746
1828 1643 39.899875
1829 1509 175.316856
1830 1132 242.812685
1831 2070 325.233762
1832 2324 216.730247
1833 1701 265.424189
1834 1359 311.863752
1835 1417 306.752343
1836 374 337.226927
1837 1651 81.761849
1838 1652 151.779445
1839 1650 72.249567
1840 265 271.083013
1841 1653 110.697787
1842 1660 98.005102
1843 1804 342.582837
1844 1657 129.634100
1845 1656 191.441897
1846 1115 118.570654
1847 1624 264.196896
1848 341 306.597456
1849 1445 266.159726
1850 1681 89.487429
1851 1688 63.968742
1852 1835 355.509494
1853 528 332.855825
1854 1690 141.039002
1855 1018 332.140031
1856 1967 312.627574
1857 650 314.857110
1858 310 340.035292
1859 1696 85.099941
1860 121 226.128282
1861 1730 318.190195
1862 1561 349.216265
1863 1699 70.405966
1864 1700 35.042831
1865 1701 122.527548
1866 1787 250.994024
1867 1293 332.102394
1868 1703 143.791516
1869 1702 105.664564
1870 419 352.604594
1871 1704 45.836667
1872 409 356.057580
1873 1713 61.375891
1874 38 308.569279
1875 1712 45.442271
1876 1969 344.634589
1877 681 360.897492
1878 1714 56.196085
1879 1715 61.359596
1880 1726 176.898276
1881 1724 109.895405
1882 1725 78.987341
1883 1732 96.389833
1884 1733 65.161338
1885 975 302.691262
1886 927 355.554497
1887 661 331.300468
1888 1897 341.432277
1889 1737 65.222695
1890 1755 331.942766
1891 1742 222.074312
1892 1082 351.761283
1893 1738 92.152048
1894 2087 330.582819
1895 1166 226.176922
1896 1167 234.736022
1897 1157 269.573738
1898 480 305.581413
1899 1745 93.770998
1900 1542 325.024614
1901 118 318.103757
1902 1747 101.483989
1903 264 240.682363
1904 1756 65.772335
1905 1758 130.667517
1906 1752 48.083261
1907 2142 287.881920
1908 1993 292.866864
1909 331 290.669916
1910 1282 297.148111
1911 1760 70.844901
1912 1937 358.448044
1913 2072 316.330523
1914 1249 330.531390
1915 1268 297.763329
1916 1364 334.160141
1917 1861 353.943498
1918 468 319.267913
1919 1846 328.787165
1920 1654 320.374781
1921 530 322.962846
1922 1065 322.232835
1923 1267 354.622334
1924 1976 285.252520
1925 1765 103.377947
1926 2329 323.555250
1927 1769 61.579217
1928 1017 369.318291
1929 1058 318.106900
1930 1234 325.373631
1931 1633 325.648584
1932 1775 90.238573
1933 1776 68.833132
1934 1771 112.632145
1935 1773 57.654141
1936 449 280.969749
1937 1279 275.056358
1938 1077 308.016233
1939 1755 354.973238
1940 1783 160.863296
1941 2271 302.603701
1942 213 292.523503
1943 293 305.296577
1944 1044 294.687971
1945 1633 324.946149
1946 1006 307.946424
1947 1204 299.537978
1948 1199 177.031071
1949 2135 355.382892
1950 1647 328.701993
1951 1791 107.549988
1952 760 361.438791
1953 2231 305.816939
1954 444 323.400680
1955 1746 309.864487
1956 1101 287.236836
1957 1792 74.786362
1958 1793 136.102902
1959 597 322.318166
1960 461 287.388239
1961 1416 296.855184
1962 1097 322.473255
1963 1204 142.954538
1964 1800 96.979379
1965 1658 339.122397
1966 1770 274.512295
1967 1803 50.685304
1968 86 325.685431
1969 841 357.537411
1970 778 339.448081
1971 621 331.709210
1972 1805 144.578698
1973 1536 316.985804
1974 440 314.391476
1975 2116 284.777106
1976 1809 36.152455
1977 1810 65.969690
1978 1807 92.368826
1979 1808 57.671483
1980 1812 99.080775
1981 1813 110.779059
1982 1366 302.988449
1983 1821 64.876806
1984 1830 303.085796
1985 1129 335.196957
1986 2372 304.772046
1987 2357 328.421985
1988 849 358.763153
1989 2345 351.502489
1990 1243 339.882333
1991 1744 343.835717
1992 314 335.551784
1993 1826 57.436922
1994 78 288.229076
1995 1828 101.345942
1996 719 361.054013
1997 1831 53.814496
1998 437 312.459597
1999 240 227.059464
2000 696 251.095599
2001 391 290.001724
2002 1628 345.182560
2003 1225 154.573607
2004 1144 213.791955
2005 1276 361.188317
2006 1285 304.555414
2007 831 299.237364
2008 2185 311.507624
2009 1840 31.352831
2010 385 302.762283
2011 2270 313.563391
2012 1093 320.187445
2013 1852 56.488937
2014 314 357.749913
2015 1431 332.756668
2016 944 343.741182
2017 2263 324.584350
2018 1758 338.881985
2019 2116 309.690168
2020 2117 303.804213
2021 1504 284.487258
2022 331 306.815906
2023 1601 286.290063
2024 1860 95.619036
2025 1900 308.343964
2026 272 362.369977
2027 1861 122.959343
2028 1862 222.123839
2029 572 314.315128
2030 1779 280.912798
2031 806 312.955268
2032 1873 47.138095
2033 1869 206.954101
2034 1872 211.452122
2035 1686 312.257906
2036 1531 343.950578
2037 1945 323.561432
2038 1880 120.049990
2039 1768 342.645589
2040 1911 295.612923
2041 1887 76.105190
2042 730 336.339115
2043 1940 337.862398
2044 1245 157.273647
2045 1880 308.551454
2046 683 349.719888
2047 1647 297.139698
2048 1183 321.592910
2049 1893 58.111961
2050 1894 80.857900
2051 1610 306.605610
2052 957 309.216752
2053 1352 322.270073
2054 1899 108.540315
2055 1900 120.399336
2056 803 292.126685
2057 536 310.253122
2058 743 329.387310
2059 646 341.836218
2060 2073 302.930685
2061 1922 292.651670
2062 1447 294.119024
2063 1908 71.603073
2064 1362 340.846006
2065 1344 327.649203
2066 1909 65.000000
2067 1910 103.846040
2068 1337 285.233238
2069 1915 73.259812
2070 1916 108.807169
2071 1919 120.511410
2072 1401 369.533490
2073 1920 132.245983
2074 1714 255.235186
2075 1155 318.251473
2076 112 260.555176
2077 1691 350.713558
2078 480 319.601314
2079 2062 336.980712
2080 1673 330.280184
2081 450 354.330354
2082 1933 107.508139
2083 1934 59.363288
2084 1937 56.000000
2085 1598 357.491259
2086 856 327.813972
2087 949 359.400890
2088 700 321.650431
2089 2259 301.288898
2090 686 290.298123
2091 2312 368.552574
2092 1946 137.873130
2093 1948 114.786759
2094 1947 66.595796
2095 1952 144.360659
2096 1958 73.641021
2097 311 304.716261
2098 1959 47.391982
2099 1961 92.217135
2100 1963 55.063600
2101 679 320.004687
2102 1280 349.181901
2103 530 337.213582
2104 1962 134.272112
2105 1965 86.400231
2106 1966 138.097791
2107 2050 323.604697
2108 1969 127.298861
2109 1624 296.033782
2110 1978 52.278102
2111 1982 121.753850
2112 1081 319.740520
2113 1066 331.718254
2114 1981 86.596767
2115 1760 339.905869
2116 1985 107.261363
2117 670 313.598469
2118 1980 306.815906
2119 1980 331.391008
2120 379 338.159726
2121 2015 295.519881
2122 1419 328.849510
2123 649 341.725036
2124 660 330.142394
2125 1781 321.303595
2126 351 280.353348
2127 1996 127.090519
2128 1997 178.345171
2129 434 317.353116
2130 2001 73.389373
2131 2003 124.402572
2132 1405 315.104744
2133 968 325.884949
2134 491 313.356028
2135 1281 327.397312
2136 1256 327.749905
2137 1849 291.032644
2138 1159 291.388057
2139 2005 34.014703
2140 418 306.344577
2141 445 275.303469
2142 1507 292.837839
2143 1813 303.278750
2144 2036 301.542700
2145 934 284.068654
2146 2008 122.719192
2147 2009 81.761849
2148 1958 287.706448
2149 85 287.909708
2150 193 290.256783
2151 2016 33.120990
2152 595 272.747136
2153 1688 320.953268
2154 1859 272.624284
2155 782 318.664400
2156 198 331.122334
2157 1747 283.190748
2158 2027 38.509739
2159 2028 29.546573
2160 734 316.607012
2161 733 303.575361
2162 1172 306.083322
2163 1859 297.949660
2164 110 288.639914
2165 2026 80.919713
2166 2030 44.575778
2167 1427 338.880510
2168 758 292.232784
2169 37 331.829776
2170 2032 144.710055
2171 684 305.946074
2172 1286 297.013468
2173 2034 122.151545
2174 2036 44.011362
2175 2037 41.761226
2176 1214 313.153317
2177 2039 120.875969
2178 2040 68.883960
2179 2041 55.821143
2180 2042 45.508241
2181 2043 203.992647
2182 115 290.769668
2183 2045 141.809732
2184 2192 316.818560
2185 1339 201.104450
2186 2080 345.265116
2187 572 276.175669
2188 416 320.395069
2189 2048 140.548924
2190 2047 120.415946
2191 2051 41.121770
2192 1533 239.524529
2193 378 235.191411
2194 2050 86.353923
2195 2055 91.000000
2196 2056 66.678332
2197 1387 310.612299
2198 2054 34.842503
2199 2057 130.422391
2200 1104 273.947075
2201 2059 137.589971
2202 2199 293.884331
2203 2063 103.884551
2204 114 278.687998
2205 2064 83.276647
2206 2070 128.202964
2207 976 264.352038
2208 2091 317.234929
2209 311 306.553421
2210 1772 274.870879
2211 1900 336.273698
2212 487 347.472301
2213 210 370.599514
2214 1281 314.993651
2215 2081 92.325511
2216 2263 352.951838
2217 680 309.749899
2218 1691 324.698322
2219 1698 337.894954
2220 2085 57.332364
2221 2091 99.463561
2222 1181 349.083085
2223 2093 91.301698
2224 1289 254.976470
2225 2092 58.770741
2226 1766 222.445499
2227 1279 281.725043
2228 878 228.624146
2229 776 318.912214
2230 1356 196.091815
2231 1357 282.106363
2232 738 274.284524
2233 2098 97.948966
2234 2096 35.298725
2235 2097 126.241831
2236 2103 47.244047
2237 2114 228.506017
2238 623 342.320026
2239 847 305.597775
2240 1365 330.871576
2241 2102 139.527775
2242 1301 354.753436
2243 698 317.250690
2244 1880 338.989675
2245 1231 343.796451
2246 1640 390.513764
2247 2113 67.216070
2248 2116 45.321077
2249 2117 135.583922
2250 1296 312.514000
2251 1603 346.806863
2252 798 333.060055
2253 1305 320.833290
2254 673 316.834342
2255 2132 34.655447
2256 451 317.313725
2257 1847 297.185127
2258 2131 94.741754
2259 1537 310.707258
2260 716 344.711474
2261 2134 95.215545
2262 1189 241.182504
2263 1190 248.449190
2264 1667 324.893829
2265 2360 354.935205
2266 1021 335.928564
2267 2133 87.891979
2268 2142 70.028566
2269 752 309.627195
2270 2139 40.706265
2271 2140 149.063745
2272 2209 310.514090
2273 1085 316.578584
2274 2144 32.649655
2275 2152 33.941125
2276 2146 91.043945
2277 2001 269.091063
2278 1395 307.595514
2279 679 261.665817
2280 1189 270.680624
2281 2160 64.140471
2282 2161 53.244718
2283 2151 258.611678
2284 1619 309.087366
2285 1534 273.263609
2286 2319 250.425638
2287 2155 37.603191
2288 267 330.811124
2289 2027 286.428001
2290 2158 106.268528
2291 2268 321.109016
2292 2163 185.353716
2293 657 348.214015
2294 1571 320.360734
2295 2177 61.708994
2296 1781 342.283508
2297 1619 296.447297
2298 714 320.507410
2299 715 302.998350
2300 285 254.599686
2301 284 287.864551
2302 877 324.118805
2303 2013 324.516564
2304 726 336.909483
2305 2184 152.738338
2306 2256 325.955518
2307 1183 326.813402
2308 805 268.141754
2309 806 276.086943
2310 2183 165.885503
2311 1572 310.967844
2312 2191 173.239718
2313 2197 112.178429
2314 2199 58.574739
2315 1159 306.347842
2316 1708 335.290918
2317 174 295.286302
2318 444 352.208745
2319 1659 326.710881
2320 1024 356.523492
2321 464 251.213057
2322 2206 102.537798
2323 2205 115.026084
2324 1416 171.181191
2325 122 261.444067
2326 2211 129.880715
2327 2212 61.180062
2328 2214 46.829478
2329 1655 275.655582
2330 2208 68.373972
2331 2209 32.218007
2332 1003 255.640372
2333 2095 352.315200
2334 2220 115.182464
2335 2055 346.375519
2336 914 334.234947
2337 1781 276.343989
2338 1945 270.900351
2339 1423 210.672732
2340 1536 348.347528
2341 2225 101.014850
2342 2226 98.914104
2343 426 340.020588
2344 2231 67.067131
2345 1742 321.485614
2346 1191 313.437394
2347 1537 300.700848
2348 1538 326.796573
2349 2234 61.870833
2350 1408 332.597354
2351 1335 315.276070
2352 197 314.717333
2353 1466 240.813206
2354 1584 294.869463
2355 1530 335.802025
2356 647 289.979310
2357 983 300.955146
2358 604 283.271954
2359 605 297.462603
2360 2290 290.700877
2361 2240 36.386811
2362 2241 45.276926
2363 1794 282.534954
2364 1508 257.491747
2365 738 276.571871
2366 420 302.560738
2367 1065 308.309909
2368 1788 316.690701
2369 1847 283.545411
2370 181 250.561370
2371 789 315.285585
2372 356 351.411440
2373 529 297.588642
2374 2252 32.557641
2375 1305 300.461312
2376 1818 312.369973
2377 1441 305.695927
2378 1280 329.596723
2379 1169 317.349965
2380 1272 317.833290
2381 1442 201.551482
2382 2250 140.875832
2383 2251 209.229539
2384 2258 27.110883
2385 2264 63.686733
2386 2259 47.296934
2387 2271 44.710178
2388 2268 44.328321
2389 2269 66.249528
2390 1871 332.947443
2391 56 269.716518
2392 2276 58.694122
2393 230 304.276190
2394 2150 319.136335
2395 1068 270.112939
2396 1741 331.274810
2397 431 310.630005
2398 2103 304.678519
2399 685 288.211728
2400 1744 354.280962
2401 1889 317.197100
2402 1189 317.669640
2403 1190 298.886266
2404 2194 306.959281
2405 1742 326.156404
2406 371 291.602469
2407 1982 342.260135
2408 2286 94.180677
2409 2287 44.631827
2410 1561 308.326126
2411 239 295.172831
2412 2281 105.271079
2413 268 316.654386
2414 1285 354.300720
2415 2321 319.781175
2416 2290 50.705029
2417 886 350.702153
2418 1144 309.135892
2419 1181 330.990936
2420 161 332.141536
2421 1355 269.783246
2422 2293 54.945427
2423 57 322.248351
2424 1857 299.733215
2425 1641 335.749907
2426 2300 120.735248
2427 2301 68.971008
2428 1226 274.909076
2429 341 319.613829
2430 2299 42.367440
2431 1468 162.345311
2432 255 337.835759
2433 1805 263.041822
2434 1437 300.368107
2435 2039 253.793223
2436 988 332.681529
2437 133 300.136636
2438 622 300.043330
2439 2187 315.895552
2440 2319 278.741816
2441 2318 98.219143
2442 2064 331.089112
2443 2325 141.421356
2444 2326 90.647670
2445 1157 267.277010
2446 969 280.722283
2447 780 316.041137
2448 855 317.260146
2449 1767 317.033121
2450 2342 341.402988
2451 1417 303.983552
2452 974 369.327768
2453 571 266.478892
2454 2329 83.132424
2455 483 368.335445
2456 2331 47.074409
2457 1485 74.625733
2458 1484 276.564640
2459 1184 285.984265
2460 518 308.206100
2461 2334 132.778010
2462 1059 279.000000
2463 1284 293.615395
2464 991 290.848758
2465 2274 311.849323
2466 182 266.371920
2467 711 310.419072
2468 927 332.780709
2469 113 278.204960
2470 34 322.532169
2471 1109 350.864646
2472 2337 105.066646
2473 664 330.327111
2474 82 319.684219
2475 2002 319.483959
2476 2280 305.116371
2477 728 326.629760
2478 1055 316.935325
2479 954 325.734555
2480 2087 306.153556
2481 2087 310.687946
2482 1842 344.119165
2483 1546 284.177761
2484 1070 326.311201
2485 236 334.545961
2486 1721 307.170962
2487 2345 65.764732
2488 2347 109.763382
2489 1066 339.769039
2490 2348 258.768236
2491 2343 101.769347
2492 1087 339.854381
2493 2348 78.866977
2494 2099 321.068529
2495 2156 338.787544
2496 256 329.325067
2497 2352 92.714616
2498 1363 293.339394
2499 1986 320.301421
2500 2068 323.581520
2501 164 352.438647
2502 856 309.166622
2503 1842 305.121287
2504 759 349.891412
2505 454 332.058730
2506 2042 317.819131
2507 889 290.874543
2508 1044 302.539254
2509 2355 119.251834
2510 2358 299.996667
2511 2163 327.804820
2512 1675 260.386252
2513 940 291.926361
2514 1185 294.847418
2515 1057 333.941612
2516 2356 222.991031
2517 530 329.472305
2518 931 279.826732
2519 161 354.647713
2520 2310 280.007143
2521 991 356.829091
2522 1982 331.353286
2523 683 320.778740
2524 17 262.524285
2525 1748 338.526218
2526 127 315.147584
2527 2363 90.122139
2528 2364 188.981481
2529 2365 126.940931
2530 2318 250.631203
2531 905 305.371904
2532 1494 325.754509
2533 2369 55.326305
2534 2372 55.099909
2535 1791 331.990964
2536 2237 319.585669
2537 928 357.105027
2538 387 322.099364
2539 2370 48.662100
2540 2373 61.725197
2541 2315 348.498207
2542 747 330.764267
2543 2376 207.258293
2544 2378 112.138307
2545 1403 349.373725
2546 772 321.432730
2547 1483 333.238653
2548 2379 122.425488
2549 1646 279.991071
2550 1378 340.461452
2551 443 238.121818
2552 2380 93.882906
2553 365 305.993464
2554 745 350.010000
2555 1100 326.188596
2556 2384 97.846819
2557 2286 306.771902
2558 1489 328.753707
2559 1043 289.238656
2560 1462 331.651926
2561 2302 268.104457
2562 1584 324.323912
2563 2385 118.245507
2564 1320 305.589594
2565 536 327.223165
2566 1962 317.845875
2567 1183 335.102969
2568 1506 312.084924
2569 247 327.502672
2570 209 336.342088
2571 1747 316.649649
2572 1003 266.797676
2573 2388 65.764732
2574 1504 166.291912
2575 2389 135.140667
2576 2390 84.964699
2577 1500 337.894954
2578 293 327.304140
2579 684 317.408254
2580 1052 291.353737
2581 2292 322.738284
2582 2239 146.164291
2583 276 323.740637
2584 1590 335.912191
2585 2290 262.960073
2586 562 318.929459
2587 282 299.312546
2588 2111 275.963766
2589 1845 328.965044
2590 1660 368.412812
2591 1610 305.533959
2592 2391 291.207830
2593 2300 283.897869
2594 2131 317.839582
2595 782 338.153811
2596 2271 328.864714
2597 433 286.048947
2598 759 297.988255
2599 2391 105.669295
2600 620 287.059227
2601 2392 45.508241
2602 2393 69.742383
2603 1180 300.534524
2604 1182 254.062984
2605 649 294.409579
2606 1109 314.496423
2607 445 222.092323
2608 1701 249.014056
2609 2087 309.585206
2610 2301 305.862714
